# Time-averaged data for fix myavt
# TimeStep v_Ntot
0 0
1000 0
2000 0
3000 0
4000 0
5000 0
6000 0
7000 0
8000 0
9000 0
10000 0
11000 0
12000 0
13000 0
14000 0
15000 0
16000 0
17000 0
18000 0
19000 0
20000 0
21000 0
22000 0
23000 0
24000 0
25000 0
26000 0
27000 0
28000 0
29000 0
30000 0
31000 0
32000 0
33000 0
34000 0
35000 1
36000 1
37000 0
38000 0
39000 0
40000 0
41000 0
42000 1
43000 1
44000 0
45000 0
46000 0
47000 1
48000 0
49000 0
50000 0
51000 1
52000 1
53000 1
54000 1
55000 1
56000 1
57000 1
58000 1
59000 1
60000 1
61000 1
62000 0
63000 0
64000 1
65000 1
66000 1
67000 1
68000 1
69000 1
70000 1
71000 1
72000 1
73000 1
74000 1
75000 1
76000 0
77000 1
78000 1
79000 1
80000 1
81000 1
82000 1
83000 1
84000 1
85000 1
86000 1
87000 1
88000 1
89000 1
90000 0
91000 1
92000 1
93000 1
94000 2
95000 1
96000 1
97000 1
98000 2
99000 3
100000 2
101000 2
102000 2
103000 2
104000 1
105000 1
106000 1
107000 1
108000 1
109000 1
110000 1
111000 2
112000 1
113000 2
114000 2
115000 2
116000 1
117000 1
118000 3
119000 0
120000 0
121000 1
122000 0
123000 1
124000 0
125000 1
126000 1
127000 1
128000 1
129000 0
130000 0
131000 1
132000 0
133000 1
134000 0
135000 0
136000 0
137000 0
138000 1
139000 1
140000 1
141000 0
142000 1
143000 1
144000 1
145000 0
146000 1
147000 0
148000 1
149000 1
150000 2
151000 2
152000 2
153000 2
154000 2
155000 1
156000 1
157000 2
158000 1
159000 1
160000 1
161000 1
162000 3
163000 3
164000 1
165000 1
166000 2
167000 1
168000 1
169000 1
170000 1
171000 1
172000 1
173000 1
174000 1
175000 1
176000 1
177000 1
178000 0
179000 1
180000 0
181000 1
182000 1
183000 1
184000 1
185000 1
186000 1
187000 1
188000 1
189000 1
190000 1
191000 0
192000 1
193000 1
194000 1
195000 1
196000 0
197000 1
198000 2
199000 2
200000 2
201000 2
202000 2
203000 2
204000 2
205000 1
206000 1
207000 1
208000 0
209000 0
210000 0
211000 0
212000 1
213000 1
214000 1
215000 0
216000 1
217000 2
218000 2
219000 0
220000 0
221000 1
222000 0
223000 0
224000 0
225000 0
226000 0
227000 1
228000 2
229000 0
230000 2
231000 1
232000 1
233000 2
234000 2
235000 1
236000 2
237000 1
238000 2
239000 2
240000 3
241000 2
242000 2
243000 1
244000 3
245000 2
246000 2
247000 1
248000 2
249000 1
250000 2
251000 2
252000 2
253000 2
254000 3
255000 3
256000 3
257000 3
258000 2
259000 2
260000 1
261000 1
262000 2
263000 2
264000 0
265000 2
266000 2
267000 1
268000 2
269000 1
270000 2
271000 2
272000 2
273000 2
274000 2
275000 1
276000 1
277000 0
278000 0
279000 0
280000 0
281000 0
282000 1
283000 1
284000 0
285000 0
286000 0
287000 0
288000 0
289000 0
290000 1
291000 1
292000 0
293000 0
294000 0
295000 0
296000 0
297000 0
298000 1
299000 0
300000 0
301000 0
302000 0
303000 0
304000 0
305000 0
306000 0
307000 0
308000 1
309000 0
310000 0
311000 0
312000 0
313000 0
314000 0
315000 0
316000 0
317000 0
318000 0
319000 0
320000 0
321000 0
322000 0
323000 0
324000 0
325000 0
326000 0
327000 0
328000 0
329000 0
330000 0
331000 0
332000 0
333000 0
334000 0
335000 0
336000 0
337000 0
338000 0
339000 0
340000 0
341000 0
342000 1
343000 0
344000 0
345000 0
346000 0
347000 0
348000 0
349000 1
350000 1
351000 1
352000 0
353000 0
354000 0
355000 0
356000 0
357000 0
358000 0
359000 0
360000 0
361000 0
362000 0
363000 0
364000 0
365000 0
366000 0
367000 0
368000 0
369000 0
370000 0
371000 0
372000 0
373000 0
374000 0
375000 0
376000 0
377000 0
378000 0
379000 0
380000 0
381000 0
382000 0
383000 0
384000 0
385000 0
386000 0
387000 0
388000 0
389000 0
390000 0
391000 0
392000 0
393000 1
394000 1
395000 1
396000 1
397000 0
398000 0
399000 0
400000 0
401000 0
402000 0
403000 0
404000 0
405000 1
406000 1
407000 1
408000 0
409000 1
410000 1
411000 0
412000 1
413000 0
414000 0
415000 1
416000 1
417000 1
418000 1
419000 2
420000 2
421000 1
422000 1
423000 1
424000 1
425000 2
426000 2
427000 2
428000 2
429000 2
430000 1
431000 1
432000 0
433000 0
434000 0
435000 1
436000 1
437000 1
438000 1
439000 1
440000 1
441000 1
442000 2
443000 2
444000 2
445000 1
446000 1
447000 0
448000 2
449000 0
450000 0
451000 1
452000 1
453000 1
454000 1
455000 0
456000 1
457000 0
458000 0
459000 0
460000 0
461000 1
462000 1
463000 1
464000 1
465000 0
466000 0
467000 1
468000 1
469000 0
470000 0
471000 0
472000 0
473000 2
474000 2
475000 1
476000 2
477000 1
478000 2
479000 2
480000 2
481000 0
482000 0
483000 0
484000 0
485000 0
486000 0
487000 0
488000 0
489000 1
490000 1
491000 1
492000 0
493000 0
494000 0
495000 0
496000 0
497000 1
498000 1
499000 0
500000 2
501000 1
502000 2
503000 1
504000 1
505000 1
506000 2
507000 2
508000 0
509000 0
510000 0
511000 0
512000 0
513000 0
514000 2
515000 2
516000 2
517000 1
518000 1
519000 1
520000 1
521000 1
522000 1
523000 2
524000 1
525000 2
526000 2
527000 2
528000 2
529000 2
530000 2
531000 1
532000 1
533000 2
534000 1
535000 1
536000 1
537000 1
538000 3
539000 2
540000 3
541000 1
542000 0
543000 1
544000 1
545000 1
546000 2
547000 2
548000 2
549000 2
550000 0
551000 0
552000 0
553000 0
554000 0
555000 0
556000 1
557000 1
558000 1
559000 1
560000 1
561000 1
562000 0
563000 1
564000 1
565000 0
566000 1
567000 2
568000 2
569000 2
570000 1
571000 2
572000 2
573000 1
574000 2
575000 2
576000 2
577000 2
578000 2
579000 1
580000 1
581000 1
582000 1
583000 1
584000 1
585000 1
586000 1
587000 0
588000 1
589000 0
590000 0
591000 1
592000 1
593000 1
594000 0
595000 0
596000 1
597000 1
598000 1
599000 0
600000 0
601000 1
602000 0
603000 0
604000 1
605000 0
606000 0
607000 0
608000 0
609000 0
610000 0
611000 0
612000 0
613000 0
614000 0
615000 0
616000 0
617000 0
618000 1
619000 1
620000 1
621000 1
622000 1
623000 1
624000 2
625000 2
626000 1
627000 2
628000 1
629000 1
630000 1
631000 2
632000 2
633000 2
634000 2
635000 2
636000 2
637000 1
638000 2
639000 2
640000 1
641000 1
642000 2
643000 2
644000 2
645000 1
646000 1
647000 0
648000 0
649000 0
650000 0
651000 0
652000 0
653000 0
654000 0
655000 0
656000 0
657000 0
658000 0
659000 0
660000 0
661000 1
662000 1
663000 1
664000 2
665000 1
666000 1
667000 1
668000 1
669000 1
670000 1
671000 1
672000 0
673000 1
674000 0
675000 0
676000 0
677000 0
678000 0
679000 0
680000 0
681000 0
682000 0
683000 0
684000 0
685000 0
686000 0
687000 0
688000 0
689000 0
690000 0
691000 0
692000 0
693000 0
694000 0
695000 0
696000 0
697000 0
698000 0
699000 0
700000 0
701000 0
702000 0
703000 1
704000 1
705000 0
706000 0
707000 2
708000 2
709000 2
710000 1
711000 1
712000 1
713000 1
714000 1
715000 1
716000 1
717000 2
718000 2
719000 1
720000 1
721000 1
722000 1
723000 0
724000 1
725000 1
726000 1
727000 0
728000 0
729000 0
730000 0
731000 0
732000 0
733000 0
734000 0
735000 1
736000 0
737000 0
738000 0
739000 0
740000 0
741000 0
742000 0
743000 0
744000 0
745000 0
746000 0
747000 0
748000 0
749000 0
750000 0
751000 0
752000 0
753000 1
754000 1
755000 1
756000 1
757000 0
758000 0
759000 0
760000 0
761000 0
762000 1
763000 1
764000 1
765000 1
766000 1
767000 1
768000 1
769000 1
770000 1
771000 1
772000 2
773000 2
774000 2
775000 2
776000 2
777000 1
778000 2
779000 2
780000 0
781000 0
782000 1
783000 1
784000 2
785000 2
786000 0
787000 2
788000 2
789000 2
790000 2
791000 2
792000 1
793000 3
794000 3
795000 2
796000 2
797000 2
798000 2
799000 2
800000 2
801000 1
802000 2
803000 1
804000 1
805000 2
806000 2
807000 2
808000 2
809000 1
810000 1
811000 1
812000 0
813000 0
814000 0
815000 0
816000 1
817000 0
818000 0
819000 2
820000 1
821000 2
822000 2
823000 1
824000 1
825000 1
826000 2
827000 0
828000 1
829000 1
830000 1
831000 1
832000 1
833000 1
834000 1
835000 1
836000 1
837000 0
838000 1
839000 0
840000 0
841000 0
842000 1
843000 1
844000 1
845000 0
846000 1
847000 0
848000 0
849000 0
850000 1
851000 0
852000 1
853000 1
854000 1
855000 1
856000 1
857000 1
858000 1
859000 1
860000 1
861000 1
862000 1
863000 1
864000 1
865000 1
866000 1
867000 1
868000 1
869000 1
870000 2
871000 2
872000 2
873000 1
874000 1
875000 1
876000 1
877000 1
878000 2
879000 1
880000 0
881000 1
882000 1
883000 1
884000 1
885000 1
886000 1
887000 1
888000 1
889000 1
890000 1
891000 1
892000 2
893000 1
894000 0
895000 0
896000 1
897000 1
898000 0
899000 0
900000 0
901000 0
902000 0
903000 1
904000 2
905000 1
906000 1
907000 2
908000 2
909000 2
910000 2
911000 2
912000 2
913000 2
914000 2
915000 2
916000 2
917000 2
918000 2
919000 1
920000 1
921000 0
922000 0
923000 1
924000 1
925000 1
926000 1
927000 0
928000 0
929000 0
930000 0
931000 0
932000 0
933000 1
934000 1
935000 0
936000 1
937000 0
938000 0
939000 1
940000 1
941000 0
942000 1
943000 0
944000 0
945000 0
946000 0
947000 0
948000 0
949000 0
950000 0
951000 0
952000 1
953000 0
954000 0
955000 0
956000 0
957000 0
958000 0
959000 0
960000 0
961000 0
962000 0
963000 0
964000 0
965000 0
966000 0
967000 0
968000 0
969000 0
970000 0
971000 0
972000 0
973000 0
974000 0
975000 0
976000 0
977000 0
978000 0
979000 0
980000 0
981000 0
982000 0
983000 0
984000 0
985000 0
986000 0
987000 0
988000 0
989000 0
990000 0
991000 0
992000 0
993000 0
994000 0
995000 0
996000 0
997000 0
998000 0
999000 0
1000000 0
