# Time-averaged data for fix myat2
# TimeStep v_longforce
5100 -5.048
5200 15.4386
5300 21.0183
5400 -4.04804
5500 12.2042
5600 15.4015
5700 7.05474
5800 5.632
5900 6.24432
6000 16.3336
6100 -2.01404
6200 1.12378
6300 16.538
6400 -10.2677
6500 2.75502
6600 -0.679317
6700 10.3543
6800 0.645975
6900 -7.3152
7000 15.4741
7100 -12.4428
7200 -0.214793
7300 2.06054
7400 -15.4529
7500 1.921
7600 -11.9289
7700 7.20758
7800 -6.99345
7900 -10.0666
8000 -0.120436
8100 -12.6666
8200 -2.575
8300 -11.8943
8400 -18.1921
8500 -5.78106
8600 -9.38867
8700 -7.02879
8800 -16.7694
8900 -8.97883
9000 -8.03667
9100 -16.2962
9200 -14.339
9300 -9.68185
9400 -26.2163
9500 -16.7904
9600 -14.9722
9700 -10.5709
9800 -23.1774
9900 -21.4178
10000 -9.10274
10100 -26.9228
10200 -14.5312
10300 -19.3725
10400 -31.3095
10500 -24.1228
10600 -20.3681
10700 -15.4328
10800 -31.8345
10900 -23.5155
11000 -22.6901
11100 -21.2713
11200 -27.8187
11300 -28.9402
11400 -37.468
11500 -23.8049
11600 -27.2198
11700 -26.4203
11800 -37.518
11900 -30.7494
12000 -23.2409
12100 -31.4021
12200 -33.2678
12300 -33.7144
12400 -37.4945
12500 -33.6166
12600 -36.6019
12700 -31.0479
12800 -35.1118
12900 -35.5087
13000 -36.5623
13100 -35.9307
13200 -38.7932
13300 -34.1117
13400 -48.6019
13500 -36.2112
13600 -40.4538
13700 -36.2772
13800 -46.1654
13900 -36.6884
14000 -43.9311
14100 -43.6318
14200 -44.7002
14300 -37.0714
14400 -50.3555
14500 -41.1348
14600 -53.1384
14700 -40.5105
14800 -48.4941
14900 -43.5944
15000 -49.3247
15100 -47.6172
15200 -48.8313
15300 -45.5468
15400 -56.5553
15500 -47.2268
15600 -56.1121
15700 -44.5005
15800 -54.0146
15900 -50.7381
16000 -54.181
16100 -51.3152
16200 -52.5361
16300 -51.0272
16400 -59.8289
16500 -55.8736
16600 -58.7363
16700 -51.6441
16800 -54.9942
16900 -59.7739
17000 -56.7535
17100 -60.023
17200 -51.5911
17300 -61.417
17400 -59.0173
17500 -65.86
17600 -55.66
17700 -63.8403
17800 -55.0653
17900 -69.3958
18000 -56.1409
18100 -71.2753
18200 -55.3515
18300 -68.9102
18400 -56.5453
18500 -76.8828
18600 -59.9468
18700 -68.8284
18800 -54.5042
18900 -73.9324
19000 -65.0382
19100 -75.2481
19200 -59.3096
19300 -66.1266
19400 -67.2308
19500 -82.4137
19600 -68.7287
19700 -63.9087
19800 -66.1704
19900 -70.9201
20000 -76.6333
20100 -72.0504
20200 -68.012
20300 -67.006
20400 -77.6368
20500 -83.0169
20600 -68.5945
20700 -71.4614
20800 -70.1298
20900 -77.3334
21000 -77.4223
21100 -80.7816
21200 -69.1032
21300 -73.8985
21400 -79.0808
21500 -84.493
21600 -78.5743
21700 -74.1784
21800 -76.29
21900 -78.9607
22000 -82.8069
22100 -81.5715
22200 -78.11
22300 -76.1287
22400 -82.2042
22500 -87.9392
22600 -81.6661
22700 -82.3177
22800 -78.2507
22900 -78.7156
23000 -84.6581
23100 -90.6839
23200 -82.2161
23300 -81.4237
23400 -78.0629
23500 -92.1957
23600 -86.524
23700 -86.4648
23800 -83.4585
23900 -81.2712
24000 -90.3234
24100 -89.8209
24200 -86.5569
24300 -84.2688
24400 -85.2456
24500 -92.9249
24600 -90.9002
24700 -90.4603
24800 -87.2493
24900 -86.6612
25000 -92.6454
25100 -95.6144
25200 -88.6081
25300 -86.9912
25400 -87.7665
25500 -92.6941
25600 -101.347
25700 -90.346
25800 -89.3554
25900 -88.4956
26000 -94.6604
26100 -103.566
26200 -90.3051
26300 -93.527
26400 -88.7161
26500 -97.1123
26600 -105.745
26700 -90.2409
26800 -94.522
26900 -89.4553
27000 -96.6372
27100 -106.495
27200 -91.7014
27300 -98.3721
27400 -89.3498
27500 -97.8702
27600 -109.227
27700 -96.0909
27800 -100.462
27900 -93.6662
28000 -95.8441
28100 -107.856
28200 -102.38
28300 -95.7028
28400 -98.8854
28500 -96.5088
28600 -108.21
28700 -104.828
28800 -96.8308
28900 -101.174
29000 -94.6495
29100 -111.919
29200 -107.057
29300 -99.0332
29400 -100.244
29500 -98.9599
29600 -109.21
29700 -110.124
29800 -106.182
29900 -98.8238
30000 -99.9152
30100 -109.384
30200 -108.718
30300 -109.165
30400 -101.613
30500 -103.246
30600 -108.069
30700 -109.363
30800 -111.992
30900 -106.751
31000 -101.622
31100 -111.981
31200 -106.86
31300 -107.837
31400 -111.931
31500 -104.211
31600 -113.292
31700 -111.547
31800 -106.941
31900 -109.16
32000 -111.692
32100 -109.881
32200 -113.33
32300 -108.974
32400 -105.515
32500 -112.06
32600 -118.385
32700 -113.667
32800 -112.397
32900 -109.569
33000 -106.218
33100 -119.706
33200 -115.784
33300 -115.898
33400 -108.205
33500 -112.604
33600 -113.76
33700 -119.561
33800 -114.557
33900 -116.99
34000 -111.819
34100 -115.463
34200 -114.222
34300 -117.218
34400 -115.561
34500 -114.662
34600 -119.658
34700 -117.74
34800 -116.281
34900 -114.083
35000 -119.127
35100 -116.56
35200 -117.594
35300 -121.294
35400 -113.474
35500 -114.164
35600 -122.683
35700 -122.081
35800 -116.054
35900 -124.165
36000 -115.766
36100 -119.578
36200 -118.713
36300 -120.678
36400 -117.124
36500 -120.612
36600 -123.826
36700 -122.003
36800 -120.535
36900 -119.994
37000 -119.232
37100 -120.831
37200 -124.918
37300 -122.674
37400 -121.684
37500 -119.232
37600 -124.992
37700 -122.153
37800 -118.302
37900 -124.984
38000 -121.458
38100 -126.005
38200 -119.264
38300 -124.103
38400 -117.809
38500 -123.44
38600 -128.644
38700 -126.963
38800 -122.243
38900 -121.458
39000 -121.679
39100 -128.945
39200 -124.413
39300 -125.103
39400 -126.151
39500 -122.357
39600 -128.349
39700 -127.537
39800 -127.243
39900 -126.194
40000 -122.499
40100 -129.746
40200 -126.471
40300 -129.381
40400 -123.636
40500 -127.28
40600 -128.614
40700 -128.686
40800 -131.256
40900 -128.664
41000 -124.679
41100 -131.414
41200 -126.33
41300 -127.007
41400 -129.235
41500 -128.013
41600 -135.279
41700 -132.445
41800 -125.031
41900 -130.465
42000 -129.095
42100 -131.528
42200 -129.406
42300 -135.117
42400 -125.717
42500 -128.669
42600 -137.359
42700 -134.12
42800 -132.675
42900 -132.655
43000 -127.948
43100 -133.986
43200 -132.275
43300 -135.68
43400 -132.991
43500 -132.099
43600 -139.263
43700 -135.471
43800 -132.833
43900 -133.843
44000 -133.179
44100 -134.618
44200 -135.515
44300 -136.723
44400 -132.478
44500 -137.478
44600 -138.522
44700 -136.911
44800 -136.744
44900 -138.958
45000 -129.856
45100 -138.916
45200 -136.143
45300 -139.312
45400 -134.385
45500 -138.117
45600 -146.597
45700 -140.333
45800 -137.999
45900 -136.322
46000 -136.378
46100 -139.23
46200 -143.564
46300 -143.593
46400 -134.751
46500 -138.252
46600 -146.382
46700 -144.433
46800 -140.952
46900 -138.891
47000 -137.851
47100 -140.552
47200 -144.349
47300 -144.692
47400 -142.803
47500 -141.712
47600 -147.583
47700 -146.509
47800 -140.921
47900 -144.293
48000 -141.959
48100 -142.163
48200 -148.692
48300 -145.064
48400 -143.229
48500 -144.174
48600 -150.313
48700 -148.408
48800 -145.352
48900 -145.576
49000 -144.579
49100 -145.363
49200 -150.553
49300 -146.76
49400 -144.118
49500 -150.028
49600 -152.592
49700 -148.743
49800 -151.162
49900 -146.61
50000 -145.613
50100 -150.944
50200 -152.825
50300 -149.298
50400 -149.373
50500 -147.884
50600 -152.961
50700 -148.105
50800 -154.216
50900 -151.164
51000 -146.379
51100 -152.625
51200 -154.708
51300 -151.146
51400 -153.166
51500 -151.654
51600 -156.781
51700 -156.816
51800 -149.737
51900 -156.52
52000 -153.225
52100 -152.147
52200 -153.606
52300 -153.842
52400 -155.55
52500 -156.779
52600 -159.086
52700 -152.937
52800 -156.083
52900 -152.696
53000 -155.764
53100 -156.185
53200 -154.995
53300 -155.617
53400 -155.37
53500 -159.489
53600 -161.558
53700 -162.198
53800 -156.765
53900 -156.176
54000 -159.089
54100 -158.727
54200 -158.63
54300 -160.325
54400 -154.587
54500 -158.106
54600 -162.796
54700 -161.164
54800 -166.734
54900 -149.341
55000 -150.977
55100 -140.27
55200 -136.772
55300 -151.149
55400 -154.588
55500 -151.729
55600 -162.435
55700 -143.177
55800 -147.886
55900 -142.729
56000 -145.756
56100 -148.649
56200 -148.237
56300 -142.508
56400 -143.998
56500 -141.02
56600 -152.22
56700 -148.326
56800 -153.296
56900 -143.812
57000 -143.94
57100 -144.485
57200 -148.031
57300 -148.837
57400 -144.599
57500 -148.879
57600 -146.156
57700 -145.941
57800 -148.356
57900 -145.996
58000 -146.902
58100 -139.133
58200 -142.726
58300 -144.972
58400 -145.06
58500 -147.459
58600 -156.604
58700 -142.396
58800 -144.181
58900 -142.482
59000 -144.025
59100 -151.243
59200 -147.799
59300 -145.968
59400 -145.679
59500 -146.406
59600 -156.663
59700 -146.479
59800 -155.289
59900 -144.422
60000 -143.304
60100 -150.549
60200 -151.836
60300 -151.887
60400 -144.489
60500 -151.043
60600 -153.109
60700 -149.024
60800 -152.962
60900 -153.812
61000 -144.628
61100 -147.013
61200 -152.451
61300 -152.317
61400 -150.566
61500 -149.749
61600 -152.509
61700 -152.362
61800 -150.869
61900 -145.557
62000 -145.892
62100 -147.36
62200 -144.174
62300 -139.617
62400 -121.195
62500 -113.003
62600 -101.107
62700 -76.4369
62800 -57.4169
62900 17.6412
63000 32.9212
63100 27.544
63200 13.3125
63300 28.105
63400 -4.61413
63500 -4.0771
63600 -13.191
63700 -10.9377
63800 -1.95457
63900 -6.28288
64000 -7.56585
64100 -21.3708
64200 28.3089
64300 23.3792
64400 13.6892
64500 -6.41279
64600 -5.6974
64700 9.64612
64800 -24.1033
64900 -0.579511
65000 4.58946
65100 -15.4502
65200 6.42647
65300 12.9113
65400 8.04073
65500 10.8357
65600 -7.11342
65700 -10.0749
65800 3.40684
65900 -1.16761
66000 -3.90504
66100 0.501099
66200 -19.4359
66300 1.6224
66400 10.4806
66500 16.1773
66600 12.5631
66700 6.15175
66800 -11.0057
66900 -5.79943
67000 -4.3686
67100 -7.72911
67200 -5.40523
67300 4.58934
67400 7.02065
67500 2.29009
67600 2.57378
67700 4.54393
67800 9.40759
67900 -0.901441
68000 -6.37126
68100 -18.6127
68200 -8.87547
68300 10.8999
68400 3.54254
68500 3.51412
68600 8.57971
68700 5.38589
68800 1.29584
68900 -5.91982
69000 -6.54807
69100 -9.30852
69200 4.67792
69300 5.95304
69400 1.91574
69500 3.94828
69600 -4.23511
69700 -2.02793
69800 6.62166
69900 3.48335
70000 -4.41287
70100 0.0554905
70200 0.63114
70300 4.08031
70400 1.99739
70500 1.40458
70600 -7.93314
70700 4.65239
70800 9.12872
70900 -6.99479
71000 -5.64733
71100 -9.56448
71200 11.9805
71300 5.00844
71400 -3.34581
71500 0.58886
71600 -1.82436
71700 4.51083
71800 2.65698
71900 1.41065
72000 -3.99162
72100 -5.90678
72200 6.8258
72300 -1.22431
72400 -0.205852
72500 -0.280139
72600 -3.82676
72700 6.53543
72800 6.7861
72900 -5.26261
73000 -1.02343
73100 -9.91774
73200 5.66429
73300 8.58822
73400 3.46029
73500 4.60991
73600 -3.3305
73700 0.603185
73800 5.01641
73900 -2.21195
74000 1.4258
74100 -11.94
74200 -2.99003
74300 4.8546
74400 5.93543
74500 6.62154
74600 2.75554
74700 0.547651
74800 2.84237
74900 -2.75354
75000 -10.3039
75100 -10.8738
75200 -1.43535
75300 10.1082
75400 1.67406
75500 8.28975
75600 2.46945
75700 0.0286522
75800 -2.47187
75900 2.1506
76000 -1.58969
76100 -6.58305
76200 -3.49851
76300 -3.42387
76400 5.4805
76500 5.27862
76600 -2.22992
76700 7.33557
76800 6.59445
76900 -2.04641
77000 2.19153
77100 -11.0341
77200 -2.56584
77300 -1.18868
77400 1.48322
77500 5.25002
77600 1.77924
77700 6.36347
77800 3.46148
77900 -2.77158
78000 3.01087
78100 -7.23169
78200 -1.70772
78300 -1.99429
78400 -0.522308
78500 3.48473
78600 0.898559
78700 4.11102
78800 1.25409
78900 1.21285
79000 2.34699
79100 -4.66109
79200 -1.76586
79300 -0.353353
79400 -3.94416
79500 3.5363
79600 1.49281
79700 3.0692
79800 2.04008
79900 -1.73741
80000 4.64921
80100 -9.54305
80200 1.57351
80300 1.66302
80400 4.18378
80500 5.62216
80600 -6.34261
80700 -2.24966
80800 4.05221
80900 -0.542702
81000 3.02322
81100 -5.41032
81200 -1.02321
81300 5.91121
81400 0.0932447
81500 9.11447
81600 -1.03865
81700 -1.38791
81800 -0.235564
81900 -8.56285
82000 -4.69906
82100 -3.02897
82200 6.53298
82300 10.2191
82400 3.88031
82500 3.99744
82600 -2.46327
82700 2.03325
82800 -5.0772
82900 -1.778
83000 -6.40234
83100 -5.92483
83200 6.8298
83300 5.14291
83400 4.51121
83500 10.5973
83600 0.988321
83700 -2.10369
83800 -4.6116
83900 -10.6043
84000 3.44323
84100 -7.84141
84200 2.55655
84300 9.11833
84400 3.90571
84500 8.60458
84600 -2.62232
84700 -2.86164
84800 4.98297
84900 -5.46413
85000 -5.18081
85100 -8.55719
85200 0.775575
85300 1.55242
85400 9.23471
85500 10.0854
85600 -3.1755
85700 4.27478
85800 -1.63884
85900 -8.55448
86000 1.64488
86100 -9.00595
86200 2.38617
86300 1.29406
86400 1.12829
86500 4.44789
86600 4.53369
86700 4.54586
86800 1.60921
86900 -2.45275
87000 1.45071
87100 -5.99579
87200 0.515992
87300 -5.26581
87400 -3.67884
87500 8.07886
87600 1.50286
87700 8.06341
87800 5.3035
87900 -0.126236
88000 2.97185
88100 -8.67711
88200 -8.70088
88300 -0.359578
88400 -1.65762
88500 3.5204
88600 0.763019
88700 3.92249
88800 9.73552
88900 1.28777
89000 -1.52108
89100 -6.73788
89200 -3.1786
89300 -0.804109
89400 -1.70046
89500 4.40269
89600 -2.30415
89700 5.19976
89800 2.93047
89900 -1.45195
90000 4.63142
90100 0.767491
90200 -3.87859
90300 -1.04126
90400 -2.57264
90500 -0.00793571
90600 1.30662
90700 -0.222245
90800 4.46662
90900 5.60138
91000 6.49739
91100 -6.3354
91200 1.05346
91300 -2.42492
91400 -4.48549
91500 1.90286
91600 -4.82363
91700 7.93856
91800 3.94996
91900 1.02172
92000 1.46454
92100 -6.11786
92200 -7.17617
92300 7.72486
92400 0.0924382
92500 4.99288
92600 4.25916
92700 2.99144
92800 -4.51382
92900 -8.4499
93000 1.47229
93100 1.70947
93200 1.94609
93300 -0.656377
93400 1.11575
93500 3.8344
93600 -0.262677
93700 6.7345
93800 1.22693
93900 -6.08438
94000 -1.12107
94100 -4.047
94200 1.12708
94300 0.425182
94400 0.533482
94500 10.5374
94600 1.28396
94700 -0.573099
94800 -2.11794
94900 -3.91147
95000 1.47914
95100 -6.16709
95200 -2.8897
95300 3.90907
95400 6.58605
95500 7.81828
95600 1.31781
95700 0.23561
95800 -6.08861
95900 -5.28256
96000 3.95285
96100 -7.05612
96200 2.63255
96300 7.14685
96400 1.13508
96500 3.13771
96600 0.912418
96700 3.58403
96800 1.64763
96900 -5.83511
97000 -1.75217
97100 -8.88554
97200 -0.608669
97300 8.29333
97400 6.61031
97500 5.01215
97600 -3.88984
97700 -0.601965
97800 -3.86459
97900 -0.642877
98000 0.45528
98100 -6.52712
98200 7.97728
98300 2.13307
98400 -1.76968
98500 -0.440529
98600 0.726818
98700 3.34093
98800 5.24665
98900 -4.26381
99000 7.89481
99100 -11.447
99200 -0.53238
99300 -2.49422
99400 3.53919
99500 5.30619
99600 -4.10711
99700 3.52358
99800 4.01387
99900 1.16973
100000 0.889333
100100 -8.18841
100200 3.57312
100300 2.59181
100400 -1.99036
100500 5.12414
100600 -1.80438
100700 0.333704
100800 -0.488165
100900 0.413971
101000 1.86387
101100 -7.85164
101200 2.1731
101300 8.45701
101400 1.59844
101500 5.51973
101600 -9.40293
101700 -0.928185
101800 -4.80928
101900 -1.62622
102000 7.04108
102100 -1.17173
102200 2.44535
102300 4.21493
102400 2.02452
102500 4.2649
102600 -5.19541
102700 -4.20546
102800 -2.5657
102900 -0.224347
103000 0.939217
103100 -2.26777
103200 5.04651
103300 5.33365
103400 7.25621
103500 3.28505
103600 -3.44984
103700 -1.57999
103800 -3.69347
103900 -6.33963
104000 0.296244
104100 -4.94242
104200 0.846164
104300 10.2182
104400 5.0754
104500 9.62822
104600 -2.03871
104700 -2.71593
104800 -5.11993
104900 -4.59681
105000 -2.16029
