# Time-averaged data for fix myat1
# TimeStep v_L
5100 34.781
5200 34.781
5300 34.781
5400 34.781
5500 34.781
5600 34.781
5700 34.781
5800 34.781
5900 34.781
6000 34.781
6100 34.981
6200 34.981
6300 34.981
6400 34.981
6500 34.981
6600 34.981
6700 34.981
6800 34.981
6900 34.981
7000 34.981
7100 35.181
7200 35.181
7300 35.181
7400 35.181
7500 35.181
7600 35.181
7700 35.181
7800 35.181
7900 35.181
8000 35.181
8100 35.381
8200 35.381
8300 35.381
8400 35.381
8500 35.381
8600 35.381
8700 35.381
8800 35.381
8900 35.381
9000 35.381
9100 35.581
9200 35.581
9300 35.581
9400 35.581
9500 35.581
9600 35.581
9700 35.581
9800 35.581
9900 35.581
10000 35.581
10100 35.781
10200 35.781
10300 35.781
10400 35.781
10500 35.781
10600 35.781
10700 35.781
10800 35.781
10900 35.781
11000 35.781
11100 35.981
11200 35.981
11300 35.981
11400 35.981
11500 35.981
11600 35.981
11700 35.981
11800 35.981
11900 35.981
12000 35.981
12100 36.181
12200 36.181
12300 36.181
12400 36.181
12500 36.181
12600 36.181
12700 36.181
12800 36.181
12900 36.181
13000 36.181
13100 36.381
13200 36.381
13300 36.381
13400 36.381
13500 36.381
13600 36.381
13700 36.381
13800 36.381
13900 36.381
14000 36.381
14100 36.581
14200 36.581
14300 36.581
14400 36.581
14500 36.581
14600 36.581
14700 36.581
14800 36.581
14900 36.581
15000 36.581
15100 36.781
15200 36.781
15300 36.781
15400 36.781
15500 36.781
15600 36.781
15700 36.781
15800 36.781
15900 36.781
16000 36.781
16100 36.981
16200 36.981
16300 36.981
16400 36.981
16500 36.981
16600 36.981
16700 36.981
16800 36.981
16900 36.981
17000 36.981
17100 37.181
17200 37.181
17300 37.181
17400 37.181
17500 37.181
17600 37.181
17700 37.181
17800 37.181
17900 37.181
18000 37.181
18100 37.381
18200 37.381
18300 37.381
18400 37.381
18500 37.381
18600 37.381
18700 37.381
18800 37.381
18900 37.381
19000 37.381
19100 37.581
19200 37.581
19300 37.581
19400 37.581
19500 37.581
19600 37.581
19700 37.581
19800 37.581
19900 37.581
20000 37.581
20100 37.781
20200 37.781
20300 37.781
20400 37.781
20500 37.781
20600 37.781
20700 37.781
20800 37.781
20900 37.781
21000 37.781
21100 37.981
21200 37.981
21300 37.981
21400 37.981
21500 37.981
21600 37.981
21700 37.981
21800 37.981
21900 37.981
22000 37.981
22100 38.181
22200 38.181
22300 38.181
22400 38.181
22500 38.181
22600 38.181
22700 38.181
22800 38.181
22900 38.181
23000 38.181
23100 38.381
23200 38.381
23300 38.381
23400 38.381
23500 38.381
23600 38.381
23700 38.381
23800 38.381
23900 38.381
24000 38.381
24100 38.581
24200 38.581
24300 38.581
24400 38.581
24500 38.581
24600 38.581
24700 38.581
24800 38.581
24900 38.581
25000 38.581
25100 38.781
25200 38.781
25300 38.781
25400 38.781
25500 38.781
25600 38.781
25700 38.781
25800 38.781
25900 38.781
26000 38.781
26100 38.981
26200 38.981
26300 38.981
26400 38.981
26500 38.981
26600 38.981
26700 38.981
26800 38.981
26900 38.981
27000 38.981
27100 39.181
27200 39.181
27300 39.181
27400 39.181
27500 39.181
27600 39.181
27700 39.181
27800 39.181
27900 39.181
28000 39.181
28100 39.381
28200 39.381
28300 39.381
28400 39.381
28500 39.381
28600 39.381
28700 39.381
28800 39.381
28900 39.381
29000 39.381
29100 39.581
29200 39.581
29300 39.581
29400 39.581
29500 39.581
29600 39.581
29700 39.581
29800 39.581
29900 39.581
30000 39.581
30100 39.781
30200 39.781
30300 39.781
30400 39.781
30500 39.781
30600 39.781
30700 39.781
30800 39.781
30900 39.781
31000 39.781
31100 39.981
31200 39.981
31300 39.981
31400 39.981
31500 39.981
31600 39.981
31700 39.981
31800 39.981
31900 39.981
32000 39.981
32100 40.181
32200 40.181
32300 40.181
32400 40.181
32500 40.181
32600 40.181
32700 40.181
32800 40.181
32900 40.181
33000 40.181
33100 40.381
33200 40.381
33300 40.381
33400 40.381
33500 40.381
33600 40.381
33700 40.381
33800 40.381
33900 40.381
34000 40.381
34100 40.581
34200 40.581
34300 40.581
34400 40.581
34500 40.581
34600 40.581
34700 40.581
34800 40.581
34900 40.581
35000 40.581
35100 40.781
35200 40.781
35300 40.781
35400 40.781
35500 40.781
35600 40.781
35700 40.781
35800 40.781
35900 40.781
36000 40.781
36100 40.981
36200 40.981
36300 40.981
36400 40.981
36500 40.981
36600 40.981
36700 40.981
36800 40.981
36900 40.981
37000 40.981
37100 41.181
37200 41.181
37300 41.181
37400 41.181
37500 41.181
37600 41.181
37700 41.181
37800 41.181
37900 41.181
38000 41.181
38100 41.381
38200 41.381
38300 41.381
38400 41.381
38500 41.381
38600 41.381
38700 41.381
38800 41.381
38900 41.381
39000 41.381
39100 41.581
39200 41.581
39300 41.581
39400 41.581
39500 41.581
39600 41.581
39700 41.581
39800 41.581
39900 41.581
40000 41.581
40100 41.781
40200 41.781
40300 41.781
40400 41.781
40500 41.781
40600 41.781
40700 41.781
40800 41.781
40900 41.781
41000 41.781
41100 41.981
41200 41.981
41300 41.981
41400 41.981
41500 41.981
41600 41.981
41700 41.981
41800 41.981
41900 41.981
42000 41.981
42100 42.181
42200 42.181
42300 42.181
42400 42.181
42500 42.181
42600 42.181
42700 42.181
42800 42.181
42900 42.181
43000 42.181
43100 42.381
43200 42.381
43300 42.381
43400 42.381
43500 42.381
43600 42.381
43700 42.381
43800 42.381
43900 42.381
44000 42.381
44100 42.581
44200 42.581
44300 42.581
44400 42.581
44500 42.581
44600 42.581
44700 42.581
44800 42.581
44900 42.581
45000 42.581
45100 42.781
45200 42.781
45300 42.781
45400 42.781
45500 42.781
45600 42.781
45700 42.781
45800 42.781
45900 42.781
46000 42.781
46100 42.981
46200 42.981
46300 42.981
46400 42.981
46500 42.981
46600 42.981
46700 42.981
46800 42.981
46900 42.981
47000 42.981
47100 43.181
47200 43.181
47300 43.181
47400 43.181
47500 43.181
47600 43.181
47700 43.181
47800 43.181
47900 43.181
48000 43.181
48100 43.381
48200 43.381
48300 43.381
48400 43.381
48500 43.381
48600 43.381
48700 43.381
48800 43.381
48900 43.381
49000 43.381
49100 43.581
49200 43.581
49300 43.581
49400 43.581
49500 43.581
49600 43.581
49700 43.581
49800 43.581
49900 43.581
50000 43.581
50100 43.781
50200 43.781
50300 43.781
50400 43.781
50500 43.781
50600 43.781
50700 43.781
50800 43.781
50900 43.781
51000 43.781
51100 43.981
51200 43.981
51300 43.981
51400 43.981
51500 43.981
51600 43.981
51700 43.981
51800 43.981
51900 43.981
52000 43.981
52100 44.181
52200 44.181
52300 44.181
52400 44.181
52500 44.181
52600 44.181
52700 44.181
52800 44.181
52900 44.181
53000 44.181
53100 44.381
53200 44.381
53300 44.381
53400 44.381
53500 44.381
53600 44.381
53700 44.381
53800 44.381
53900 44.381
54000 44.381
54100 44.581
54200 44.581
54300 44.581
54400 44.581
54500 44.581
54600 44.581
54700 44.581
54800 44.581
54900 44.581
55000 44.581
55100 44.781
55200 44.781
55300 44.781
55400 44.781
55500 44.781
55600 44.781
55700 44.781
55800 44.781
55900 44.781
56000 44.781
56100 44.981
56200 44.981
56300 44.981
56400 44.981
56500 44.981
56600 44.981
56700 44.981
56800 44.981
56900 44.981
57000 44.981
57100 45.181
57200 45.181
57300 45.181
57400 45.181
57500 45.181
57600 45.181
57700 45.181
57800 45.181
57900 45.181
58000 45.181
58100 45.381
58200 45.381
58300 45.381
58400 45.381
58500 45.381
58600 45.381
58700 45.381
58800 45.381
58900 45.381
59000 45.381
59100 45.581
59200 45.581
59300 45.581
59400 45.581
59500 45.581
59600 45.581
59700 45.581
59800 45.581
59900 45.581
60000 45.581
60100 45.781
60200 45.781
60300 45.781
60400 45.781
60500 45.781
60600 45.781
60700 45.781
60800 45.781
60900 45.781
61000 45.781
61100 45.981
61200 45.981
61300 45.981
61400 45.981
61500 45.981
61600 45.981
61700 45.981
61800 45.981
61900 45.981
62000 45.981
62100 46.181
62200 46.181
62300 46.181
62400 46.181
62500 46.181
62600 46.181
62700 46.181
62800 46.181
62900 46.181
63000 46.181
63100 46.381
63200 46.381
63300 46.381
63400 46.381
63500 46.381
63600 46.381
63700 46.381
63800 46.381
63900 46.381
64000 46.381
64100 46.581
64200 46.581
64300 46.581
64400 46.581
64500 46.581
64600 46.581
64700 46.581
64800 46.581
64900 46.581
65000 46.581
65100 46.781
65200 46.781
65300 46.781
65400 46.781
65500 46.781
65600 46.781
65700 46.781
65800 46.781
65900 46.781
66000 46.781
66100 46.981
66200 46.981
66300 46.981
66400 46.981
66500 46.981
66600 46.981
66700 46.981
66800 46.981
66900 46.981
67000 46.981
67100 47.181
67200 47.181
67300 47.181
67400 47.181
67500 47.181
67600 47.181
67700 47.181
67800 47.181
67900 47.181
68000 47.181
68100 47.381
68200 47.381
68300 47.381
68400 47.381
68500 47.381
68600 47.381
68700 47.381
68800 47.381
68900 47.381
69000 47.381
69100 47.581
69200 47.581
69300 47.581
69400 47.581
69500 47.581
69600 47.581
69700 47.581
69800 47.581
69900 47.581
70000 47.581
70100 47.781
70200 47.781
70300 47.781
70400 47.781
70500 47.781
70600 47.781
70700 47.781
70800 47.781
70900 47.781
71000 47.781
71100 47.981
71200 47.981
71300 47.981
71400 47.981
71500 47.981
71600 47.981
71700 47.981
71800 47.981
71900 47.981
72000 47.981
72100 48.181
72200 48.181
72300 48.181
72400 48.181
72500 48.181
72600 48.181
72700 48.181
72800 48.181
72900 48.181
73000 48.181
73100 48.381
73200 48.381
73300 48.381
73400 48.381
73500 48.381
73600 48.381
73700 48.381
73800 48.381
73900 48.381
74000 48.381
74100 48.581
74200 48.581
74300 48.581
74400 48.581
74500 48.581
74600 48.581
74700 48.581
74800 48.581
74900 48.581
75000 48.581
75100 48.781
75200 48.781
75300 48.781
75400 48.781
75500 48.781
75600 48.781
75700 48.781
75800 48.781
75900 48.781
76000 48.781
76100 48.981
76200 48.981
76300 48.981
76400 48.981
76500 48.981
76600 48.981
76700 48.981
76800 48.981
76900 48.981
77000 48.981
77100 49.181
77200 49.181
77300 49.181
77400 49.181
77500 49.181
77600 49.181
77700 49.181
77800 49.181
77900 49.181
78000 49.181
78100 49.381
78200 49.381
78300 49.381
78400 49.381
78500 49.381
78600 49.381
78700 49.381
78800 49.381
78900 49.381
79000 49.381
79100 49.581
79200 49.581
79300 49.581
79400 49.581
79500 49.581
79600 49.581
79700 49.581
79800 49.581
79900 49.581
80000 49.581
80100 49.781
80200 49.781
80300 49.781
80400 49.781
80500 49.781
80600 49.781
80700 49.781
80800 49.781
80900 49.781
81000 49.781
81100 49.981
81200 49.981
81300 49.981
81400 49.981
81500 49.981
81600 49.981
81700 49.981
81800 49.981
81900 49.981
82000 49.981
82100 50.181
82200 50.181
82300 50.181
82400 50.181
82500 50.181
82600 50.181
82700 50.181
82800 50.181
82900 50.181
83000 50.181
83100 50.381
83200 50.381
83300 50.381
83400 50.381
83500 50.381
83600 50.381
83700 50.381
83800 50.381
83900 50.381
84000 50.381
84100 50.581
84200 50.581
84300 50.581
84400 50.581
84500 50.581
84600 50.581
84700 50.581
84800 50.581
84900 50.581
85000 50.581
85100 50.781
85200 50.781
85300 50.781
85400 50.781
85500 50.781
85600 50.781
85700 50.781
85800 50.781
85900 50.781
86000 50.781
86100 50.981
86200 50.981
86300 50.981
86400 50.981
86500 50.981
86600 50.981
86700 50.981
86800 50.981
86900 50.981
87000 50.981
87100 51.181
87200 51.181
87300 51.181
87400 51.181
87500 51.181
87600 51.181
87700 51.181
87800 51.181
87900 51.181
88000 51.181
88100 51.381
88200 51.381
88300 51.381
88400 51.381
88500 51.381
88600 51.381
88700 51.381
88800 51.381
88900 51.381
89000 51.381
89100 51.581
89200 51.581
89300 51.581
89400 51.581
89500 51.581
89600 51.581
89700 51.581
89800 51.581
89900 51.581
90000 51.581
90100 51.781
90200 51.781
90300 51.781
90400 51.781
90500 51.781
90600 51.781
90700 51.781
90800 51.781
90900 51.781
91000 51.781
91100 51.981
91200 51.981
91300 51.981
91400 51.981
91500 51.981
91600 51.981
91700 51.981
91800 51.981
91900 51.981
92000 51.981
92100 52.181
92200 52.181
92300 52.181
92400 52.181
92500 52.181
92600 52.181
92700 52.181
92800 52.181
92900 52.181
93000 52.181
93100 52.381
93200 52.381
93300 52.381
93400 52.381
93500 52.381
93600 52.381
93700 52.381
93800 52.381
93900 52.381
94000 52.381
94100 52.581
94200 52.581
94300 52.581
94400 52.581
94500 52.581
94600 52.581
94700 52.581
94800 52.581
94900 52.581
95000 52.581
95100 52.781
95200 52.781
95300 52.781
95400 52.781
95500 52.781
95600 52.781
95700 52.781
95800 52.781
95900 52.781
96000 52.781
96100 52.981
96200 52.981
96300 52.981
96400 52.981
96500 52.981
96600 52.981
96700 52.981
96800 52.981
96900 52.981
97000 52.981
97100 53.181
97200 53.181
97300 53.181
97400 53.181
97500 53.181
97600 53.181
97700 53.181
97800 53.181
97900 53.181
98000 53.181
98100 53.381
98200 53.381
98300 53.381
98400 53.381
98500 53.381
98600 53.381
98700 53.381
98800 53.381
98900 53.381
99000 53.381
99100 53.581
99200 53.581
99300 53.581
99400 53.581
99500 53.581
99600 53.581
99700 53.581
99800 53.581
99900 53.581
100000 53.581
100100 53.781
100200 53.781
100300 53.781
100400 53.781
100500 53.781
100600 53.781
100700 53.781
100800 53.781
100900 53.781
101000 53.781
101100 53.981
101200 53.981
101300 53.981
101400 53.981
101500 53.981
101600 53.981
101700 53.981
101800 53.981
101900 53.981
102000 53.981
102100 54.181
102200 54.181
102300 54.181
102400 54.181
102500 54.181
102600 54.181
102700 54.181
102800 54.181
102900 54.181
103000 54.181
103100 54.381
103200 54.381
103300 54.381
103400 54.381
103500 54.381
103600 54.381
103700 54.381
103800 54.381
103900 54.381
104000 54.381
104100 54.581
104200 54.581
104300 54.581
104400 54.581
104500 54.581
104600 54.581
104700 54.581
104800 54.581
104900 54.581
105000 54.581
