# Time-averaged data for fix myat1
# TimeStep v_qtot c_q1 c_q2 c_q3 c_q4
0 2.22045e-16 0.0156055 0 -0.434641 0.284559
1000 -1.11022e-16 0.022784 0 -0.450161 0.292513
2000 1.11022e-16 0.01459 0 -0.459859 0.301709
3000 -2.22045e-16 0.0149923 0 -0.443719 0.290815
4000 2.22045e-16 0.0182657 0 -0.452736 0.295736
5000 2.22045e-16 0.0115154 0 -0.480842 0.316723
6000 2.22045e-16 0.0152881 0 -0.493343 0.323799
7000 -1.11022e-16 0.0238456 0 -0.494775 0.321902
8000 2.22045e-16 0.0250373 0 -0.488242 0.317149
9000 2.22045e-16 0.0114944 0 -0.504096 0.332232
10000 0 0.0299847 0 -0.452403 0.291607
11000 0 0.0245672 0 -0.447091 0.289872
12000 2.22045e-16 0.0115053 0 -0.481199 0.316964
13000 4.44089e-16 0.0110147 0 -0.481261 0.317169
14000 1.11022e-16 0.0178164 0 -0.459235 0.300218
15000 0 0.0158287 0 -0.475141 0.311485
16000 -2.22045e-16 0.0223169 0 -0.455372 0.296142
17000 0 0.0225384 0 -0.454161 0.295261
18000 0 0.0166849 0 -0.475619 0.311518
19000 -1.11022e-16 0.0167246 0 -0.477539 0.312785
20000 0 0.019128 0 -0.457618 0.298703
21000 3.33067e-16 0.0178689 0 -0.459017 0.300055
22000 -1.11022e-16 0.019365 0 -0.452013 0.294887
23000 2.22045e-16 0.0100296 0 -0.460297 0.303522
24000 0 0.0297055 0 -0.47644 0.307725
25000 -1.11022e-16 0.0237393 0 -0.469882 0.305342
26000 2.22045e-16 0.0170794 0 -0.462169 0.30242
27000 -1.11022e-16 0.0213414 0 -0.453035 0.294909
28000 0 0.0231845 0 -0.475988 0.309597
29000 -2.22045e-16 0.0354506 0 -0.430508 0.275188
30000 0 0.0162947 0 -0.477585 0.312959
31000 -3.33067e-16 0.0216672 0 -0.464368 0.302356
32000 0 0.0162659 0 -0.477343 0.312807
33000 0 0.0202591 0 -0.493346 0.322144
34000 0 0.0163189 0 -0.489483 0.320882
35000 -2.22045e-16 0.0257212 0 -0.472785 0.306616
36000 0 0.0215586 0 -0.463514 0.301823
37000 4.44089e-16 0.0218282 0 -0.452024 0.294073
38000 0 0.0174349 0 -0.453282 0.296376
39000 3.33067e-16 0.0266293 0 -0.466921 0.302404
40000 -1.11022e-16 0.0187884 0 -0.460718 0.300882
41000 -3.33067e-16 0.0120231 0 -0.473079 0.311378
42000 -2.22045e-16 0.019448 0 -0.47294 0.308811
43000 0 0.0279296 0 -0.450864 0.291266
44000 1.11022e-16 0.030994 0 -0.466289 0.300528
45000 2.22045e-16 0.0144593 0 -0.467164 0.306623
46000 -1.11022e-16 0.0114676 0 -0.433151 0.284945
47000 1.11022e-16 0.0262166 0 -0.462493 0.29959
48000 0 0.0293967 0 -0.441912 0.284809
49000 -2.22045e-16 0.0134365 0 -0.487221 0.320335
50000 -1.11022e-16 0.0252778 0 -0.48003 0.311594
51000 1.11022e-16 0.0158179 0 -0.469529 0.307747
52000 0 0.0173949 0 -0.474615 0.310612
53000 -1.11022e-16 0.0170052 0 -0.46577 0.304845
54000 0 0.0110906 0 -0.550032 0.362991
55000 0 0.0179712 0 -0.518368 0.339588
56000 -2.22045e-16 0.0154263 0 -0.534636 0.351282
57000 4.44089e-16 0.0158924 0 -0.5402 0.354836
58000 0 0.0185591 0 -0.505571 0.330861
59000 2.22045e-16 0.0163943 0 -0.519041 0.340563
60000 4.44089e-16 0.013536 0 -0.555416 0.365766
61000 -2.22045e-16 0.0193886 0 -0.514089 0.336263
62000 -2.22045e-16 0.0218926 0 -0.497911 0.324643
63000 -2.22045e-16 0.0178885 0 -0.525962 0.344679
64000 -1.11022e-16 0.0198277 0 -0.49882 0.325937
65000 2.22045e-16 0.0173858 0 -0.536824 0.352087
66000 0 0.0260727 0 -0.48565 0.315076
67000 0 0.0102078 0 -0.519365 0.342841
68000 2.22045e-16 0.0153438 0 -0.53539 0.351812
69000 0 0.0147804 0 -0.547061 0.35978
70000 0 0.0203932 0 -0.509702 0.333003
71000 0 0.0200496 0 -0.511509 0.334323
72000 2.22045e-16 0.0210541 0 -0.466343 0.303878
73000 1.11022e-16 0.0163639 0 -0.451558 0.295584
74000 0 0.00948985 0 -0.510186 0.33696
75000 -1.11022e-16 0.0199781 0 -0.459963 0.299983
76000 -2.22045e-16 0.0183829 0 -0.506058 0.331245
77000 3.33067e-16 0.0229276 0 -0.505925 0.329641
78000 -2.22045e-16 0.0186353 0 -0.50988 0.333709
79000 -1.11022e-16 0.0270714 0 -0.465488 0.301302
80000 0 0.0162661 0 -0.547334 0.359468
81000 0 0.017662 0 -0.539835 0.354003
82000 0 0.0226725 0 -0.526733 0.343598
83000 2.22045e-16 0.0267415 0 -0.488479 0.316739
84000 -2.22045e-16 0.0145056 0 -0.51792 0.340445
85000 -2.22045e-16 0.0105826 0 -0.56599 0.373799
86000 2.22045e-16 0.0201526 0 -0.51111 0.334023
87000 0 0.0139584 0 -0.51588 0.339267
88000 0 0.0192523 0 -0.520343 0.340478
89000 0 0.01538 0 -0.510992 0.335534
90000 0 0.0225645 0 -0.498036 0.324503
91000 2.22045e-16 0.0129213 0 -0.512236 0.337184
92000 -3.33067e-16 0.0114659 0 -0.503834 0.332067
93000 -2.22045e-16 0.020419 0 -0.516248 0.337359
94000 0 0.0193836 0 -0.524501 0.343206
95000 2.22045e-16 0.014506 0 -0.538714 0.354308
96000 0 0.0183201 0 -0.536235 0.351383
97000 0 0.0198836 0 -0.521181 0.340826
98000 2.22045e-16 0.0135706 0 -0.545025 0.358826
99000 0 0.0123784 0 -0.526689 0.347
100000 -2.22045e-16 0.0177808 0 -0.517339 0.338966
101000 0 0.0135427 0 -0.51362 0.337899
102000 0 0.0167666 0 -0.539966 0.354389
103000 0 0.0105611 0 -0.543867 0.359058
104000 3.33067e-16 0.0209352 0 -0.479068 0.312401
105000 -2.22045e-16 0.0150566 0 -0.530449 0.348614
106000 4.44089e-16 0.0212213 0 -0.532566 0.34797
107000 1.11022e-16 0.0235509 0 -0.499622 0.325231
108000 -2.22045e-16 0.0203698 0 -0.517803 0.338412
109000 0 0.0180032 0 -0.522754 0.342502
110000 -2.22045e-16 0.0180319 0 -0.506141 0.331416
111000 1.11022e-16 0.0151668 0 -0.504073 0.330993
112000 -2.22045e-16 0.0121951 0 -0.570125 0.376019
113000 0 0.0184859 0 -0.527662 0.345613
114000 0 0.0166614 0 -0.508272 0.333294
115000 0 0.0155391 0 -0.502454 0.329789
116000 0 0.0190517 0 -0.532116 0.348393
117000 -4.44089e-16 0.0192272 0 -0.519815 0.340135
118000 0 0.0138972 0 -0.527711 0.347175
119000 0 0.0148547 0 -0.549515 0.361392
120000 0 0.0170938 0 -0.549001 0.360303
121000 0 0.0161359 0 -0.501015 0.328631
122000 4.44089e-16 0.0224594 0 -0.504428 0.328799
123000 0 0.017102 0 -0.521302 0.341834
124000 -2.22045e-16 0.0173364 0 -0.499911 0.327496
125000 -4.44089e-16 0.0126114 0 -0.51931 0.342003
126000 0 0.013962 0 -0.524012 0.344687
127000 0 0.0157822 0 -0.537289 0.352932
128000 2.22045e-16 0.0195969 0 -0.491248 0.320967
129000 0 0.0193154 0 -0.525373 0.34381
130000 2.22045e-16 0.0189314 0 -0.523079 0.342409
131000 0 0.0160492 0 -0.504074 0.3307
132000 0 0.0191055 0 -0.511086 0.334356
133000 -1.11022e-16 0.0155511 0 -0.506055 0.332187
134000 0 0.019041 0 -0.50357 0.329366
135000 0 0.0122348 0 -0.555895 0.366519
136000 0 0.0191343 0 -0.537754 0.352125
137000 0 0.0203863 0 -0.51491 0.336478
138000 -1.11022e-16 0.017361 0 -0.507729 0.332699
139000 2.22045e-16 0.0163076 0 -0.53061 0.348304
140000 0 0.0156732 0 -0.524721 0.34459
141000 -2.22045e-16 0.0115459 0 -0.564262 0.372326
142000 0 0.0162422 0 -0.533461 0.350226
143000 1.11022e-16 0.0193157 0 -0.497514 0.325237
144000 0 0.0171179 0 -0.523613 0.34337
145000 -2.22045e-16 0.0224638 0 -0.510011 0.332519
146000 -2.22045e-16 0.0187313 0 -0.490467 0.320735
147000 2.22045e-16 0.0194081 0 -0.505306 0.330401
148000 2.22045e-16 0.018403 0 -0.505024 0.330548
149000 2.22045e-16 0.0154041 0 -0.531294 0.349061
150000 1.11022e-16 0.014216 0 -0.500294 0.32879
151000 2.22045e-16 0.0225854 0 -0.503298 0.328004
152000 2.22045e-16 0.0222461 0 -0.506252 0.330086
153000 -2.22045e-16 0.0169005 0 -0.503941 0.330327
154000 0 0.0177546 0 -0.478757 0.313253
155000 2.22045e-16 0.0147486 0 -0.490301 0.321951
156000 -1.11022e-16 0.0192095 0 -0.475189 0.310389
157000 0 0.0134229 0 -0.483355 0.317762
158000 -1.11022e-16 0.0216127 0 -0.477429 0.311082
159000 -1.11022e-16 0.0134357 0 -0.47873 0.314675
160000 -1.11022e-16 0.0128067 0 -0.489071 0.321778
161000 -1.11022e-16 0.0130843 0 -0.486123 0.319721
162000 0 0.0151433 0 -0.469388 0.307878
163000 -2.22045e-16 0.0183512 0 -0.464262 0.303391
164000 -3.33067e-16 0.0212512 0 -0.482132 0.314338
165000 2.22045e-16 0.0149411 0 -0.495502 0.325354
166000 1.11022e-16 0.0131689 0 -0.493325 0.324494
167000 1.11022e-16 0.025964 0 -0.461916 0.29929
168000 2.22045e-16 0.020187 0 -0.484363 0.316179
169000 0 0.018145 0 -0.481822 0.315167
170000 1.11022e-16 0.0195387 0 -0.46569 0.303947
171000 -3.33067e-16 0.0145269 0 -0.4751 0.311891
172000 -2.22045e-16 0.0202386 0 -0.481883 0.314509
173000 2.22045e-16 0.0249495 0 -0.474651 0.308117
174000 -2.22045e-16 0.0106272 0 -0.506403 0.33406
175000 2.22045e-16 0.0187739 0 -0.501867 0.32832
176000 0 0.0101027 0 -0.528193 0.348761
177000 0 0.0204108 0 -0.508194 0.331992
178000 2.22045e-16 0.0112871 0 -0.509787 0.336096
179000 0 0.0169886 0 -0.516465 0.338647
180000 -2.22045e-16 0.017973 0 -0.510213 0.334151
181000 -2.22045e-16 0.0109421 0 -0.519132 0.342441
182000 2.22045e-16 0.0110532 0 -0.558129 0.368402
183000 0 0.023114 0 -0.507278 0.330481
184000 -2.22045e-16 0.00915076 0 -0.506919 0.334896
185000 0 0.0129852 0 -0.553339 0.364564
186000 2.22045e-16 0.0154635 0 -0.529026 0.347529
187000 0 0.013692 0 -0.504772 0.33195
188000 1.11022e-16 0.0243433 0 -0.473389 0.307478
189000 0 0.0174302 0 -0.463048 0.302888
190000 0 0.0196353 0 -0.435726 0.283939
191000 -4.44089e-16 0.023756 0 -0.443642 0.287843
192000 0 0.0190929 0 -0.458863 0.299544
193000 0 0.0242471 0 -0.443571 0.287632
194000 0 0.014113 0 -0.479897 0.315227
195000 1.11022e-16 0.0124335 0 -0.492867 0.324434
196000 1.11022e-16 0.0134117 0 -0.495386 0.325786
197000 1.11022e-16 0.0226831 0 -0.505467 0.329417
198000 -2.22045e-16 0.0174348 0 -0.514118 0.336934
199000 0 0.0196514 0 -0.522518 0.341795
200000 2.22045e-16 0.0219834 0 -0.490025 0.319355
201000 0 0.0182204 0 -0.498409 0.326199
202000 0 0.0156519 0 -0.531465 0.349092
203000 0 0.0164131 0 -0.545293 0.358057
204000 0 0.0146499 0 -0.568428 0.374069
205000 0 0.0174147 0 -0.502936 0.329486
206000 0 0.014586 0 -0.500147 0.328569
207000 -2.22045e-16 0.0241372 0 -0.492856 0.320525
208000 -2.22045e-16 0.0166187 0 -0.529421 0.347408
209000 -2.22045e-16 0.0194667 0 -0.539106 0.352915
210000 0 0.020164 0 -0.517914 0.338555
211000 2.22045e-16 0.0135315 0 -0.48941 0.321763
212000 2.22045e-16 0.0161766 0 -0.545212 0.358082
213000 2.22045e-16 0.0111505 0 -0.560881 0.370204
214000 2.22045e-16 0.0176324 0 -0.535631 0.35121
215000 0 0.020047 0 -0.519633 0.33974
216000 2.22045e-16 0.0111899 0 -0.5087 0.335404
217000 1.11022e-16 0.0196741 0 -0.470224 0.306925
218000 0 0.0190637 0 -0.456886 0.298236
219000 0 0.0185373 0 -0.466796 0.305018
220000 0 0.0281208 0 -0.453392 0.292888
221000 0 0.0222248 0 -0.461644 0.300354
222000 -2.22045e-16 0.0128564 0 -0.453881 0.298302
223000 -1.11022e-16 0.0264733 0 -0.458335 0.296732
224000 0 0.0174599 0 -0.46657 0.305227
225000 1.11022e-16 0.0227181 0 -0.465413 0.302703
226000 0 0.0344421 0 -0.44157 0.282899
227000 -1.11022e-16 0.0148747 0 -0.443095 0.290438
228000 0 0.0151644 0 -0.497544 0.326641
229000 0 0.0163162 0 -0.451384 0.295484
230000 -1.11022e-16 0.0101008 0 -0.466538 0.307658
231000 -2.22045e-16 0.0193307 0 -0.467239 0.305049
232000 -3.33067e-16 0.0217016 0 -0.469213 0.305575
233000 0 0.0222684 0 -0.454223 0.295393
234000 0 0.0193493 0 -0.470592 0.307278
235000 -1.11022e-16 0.0161249 0 -0.471005 0.308628
236000 2.22045e-16 0.0217801 0 -0.47224 0.307567
237000 3.33067e-16 0.0376106 0 -0.444903 0.284065
238000 0 0.00788012 0 -0.456882 0.301961
239000 -3.33067e-16 0.0166438 0 -0.474937 0.311076
240000 1.11022e-16 0.020239 0 -0.457784 0.298443
241000 2.22045e-16 0.0169059 0 -0.45873 0.300185
242000 0 0.00926693 0 -0.465206 0.307048
243000 2.22045e-16 0.0197978 0 -0.46603 0.304088
244000 -2.22045e-16 0.0156264 0 -0.476026 0.312142
