1 1 1 0.000000 5.162323 0.464617 8.843235
2 2 1 0.000000 4.852682 1.821242 9.111212
3 3 1 0.000000 4.669892 2.248901 10.451096
4 4 1 0.000000 3.903312 3.410221 10.719072
5 5 1 0.000000 5.099893 0.925494 6.431444
6 6 1 0.000000 4.669892 2.248901 6.699420
7 7 1 0.000000 4.449502 2.658454 8.039305
8 8 1 0.000000 3.581908 3.746382 8.307281
9 9 1 0.000000 3.231665 4.052381 9.647165
10 10 1 0.000000 2.037123 4.766086 9.915142
11 11 1 0.000000 4.996402 1.378919 4.019652
12 12 1 0.000000 4.449502 2.658454 4.287629
13 13 1 0.000000 4.193288 3.046602 5.627513
14 14 1 0.000000 3.231665 4.052381 5.895490
15 15 1 0.000000 2.855403 4.325751 7.235374
16 16 1 0.000000 1.601694 4.929506 7.503351
17 17 1 0.000000 1.153368 5.053236 8.843235
18 18 1 0.000000 -0.232543 5.177970 9.111212
19 19 1 0.000000 -0.695756 5.136280 10.451096
20 20 1 0.000000 -2.037123 4.766086 10.719072
21 21 1 0.000000 5.183189 0.000000 0.000000
22 22 1 0.000000 4.996402 1.378919 0.267977
23 23 1 0.000000 4.852682 1.821242 1.607861
24 24 1 0.000000 4.193288 3.046602 1.875838
25 25 1 0.000000 3.903312 3.410221 3.215722
26 26 1 0.000000 2.855403 4.325751 3.483699
27 27 1 0.000000 2.456151 4.564293 4.823583
28 28 1 0.000000 1.153368 5.053236 5.091559
29 29 1 0.000000 0.695756 5.136280 6.431444
30 30 1 0.000000 -0.695756 5.136280 6.699420
31 31 1 0.000000 -1.153368 5.053236 8.039305
32 32 1 0.000000 -2.456151 4.564293 8.307281
33 33 1 0.000000 -2.855403 4.325751 9.647165
34 34 1 0.000000 -3.903312 3.410221 9.915142
35 35 1 0.000000 3.581908 3.746382 0.803930
36 36 1 0.000000 2.456151 4.564293 1.071907
37 37 1 0.000000 2.037123 4.766086 2.411791
38 38 1 0.000000 0.695756 5.136280 2.679768
39 39 1 0.000000 0.232543 5.177970 4.019652
40 40 1 0.000000 -1.153368 5.053236 4.287629
41 41 1 0.000000 -1.601694 4.929506 5.627513
42 42 1 0.000000 -2.855403 4.325751 5.895490
43 43 1 0.000000 -3.231665 4.052381 7.235374
44 44 1 0.000000 -4.193288 3.046602 7.503351
45 45 1 0.000000 -4.449502 2.658454 8.843235
46 46 1 0.000000 -4.996402 1.378919 9.111212
47 47 1 0.000000 -5.099893 0.925494 10.451096
48 48 1 0.000000 -5.162323 -0.464617 10.719072
49 49 1 0.000000 1.601694 4.929506 0.000000
50 50 1 0.000000 0.232543 5.177970 0.267977
51 51 1 0.000000 -0.232543 5.177970 1.607861
52 52 1 0.000000 -1.601694 4.929506 1.875838
53 53 1 0.000000 -2.037123 4.766086 3.215722
54 54 1 0.000000 -3.231665 4.052381 3.483699
55 55 1 0.000000 -3.581908 3.746382 4.823583
56 56 1 0.000000 -4.449502 2.658454 5.091559
57 57 1 0.000000 -4.669892 2.248901 6.431444
58 58 1 0.000000 -5.099893 0.925494 6.699420
59 59 1 0.000000 -5.162323 0.464617 8.039305
60 60 1 0.000000 -5.099893 -0.925494 8.307281
61 61 1 0.000000 -4.996402 -1.378919 9.647165
62 62 1 0.000000 -4.449502 -2.658454 9.915142
63 63 1 0.000000 -2.456151 4.564293 0.803930
64 64 1 0.000000 -3.581908 3.746382 1.071907
65 65 1 0.000000 -3.903312 3.410221 2.411791
66 66 1 0.000000 -4.669892 2.248901 2.679768
67 67 1 0.000000 -4.852682 1.821242 4.019652
68 68 1 0.000000 -5.162323 0.464617 4.287629
69 69 1 0.000000 -5.183189 0.000000 5.627513
70 70 1 0.000000 -4.996402 -1.378919 5.895490
71 71 1 0.000000 -4.852682 -1.821242 7.235374
72 72 1 0.000000 -4.193288 -3.046602 7.503351
73 73 1 0.000000 -3.903312 -3.410221 8.843235
74 74 1 0.000000 -2.855403 -4.325751 9.111212
75 75 1 0.000000 -2.456151 -4.564293 10.451096
76 76 1 0.000000 -1.153368 -5.053236 10.719072
77 77 1 0.000000 -4.193288 3.046602 0.000000
78 78 1 0.000000 -4.852682 1.821242 0.267977
79 79 1 0.000000 -4.996402 1.378919 1.607861
80 80 1 0.000000 -5.183189 0.000000 1.875838
81 81 1 0.000000 -5.162323 -0.464617 3.215722
82 82 1 0.000000 -4.852682 -1.821242 3.483699
83 83 1 0.000000 -4.669892 -2.248901 4.823583
84 84 1 0.000000 -3.903312 -3.410221 5.091559
85 85 1 0.000000 -3.581908 -3.746382 6.431444
86 86 1 0.000000 -2.456151 -4.564293 6.699420
87 87 1 0.000000 -2.037123 -4.766086 8.039305
88 88 1 0.000000 -0.695756 -5.136280 8.307281
89 89 1 0.000000 -0.232543 -5.177970 9.647165
90 90 1 0.000000 1.153368 -5.053236 9.915142
91 91 1 0.000000 -5.099893 -0.925494 0.803930
92 92 1 0.000000 -4.669892 -2.248901 1.071907
93 93 1 0.000000 -4.449502 -2.658454 2.411791
94 94 1 0.000000 -3.581908 -3.746382 2.679768
95 95 1 0.000000 -3.231665 -4.052381 4.019652
96 96 1 0.000000 -2.037123 -4.766086 4.287629
97 97 1 0.000000 -1.601694 -4.929506 5.627513
98 98 1 0.000000 -0.232543 -5.177970 5.895490
99 99 1 0.000000 0.232543 -5.177970 7.235374
100 100 1 0.000000 1.601694 -4.929506 7.503351
101 101 1 0.000000 2.037123 -4.766086 8.843235
102 102 1 0.000000 3.231665 -4.052381 9.111212
103 103 1 0.000000 3.581908 -3.746382 10.451096
104 104 1 0.000000 4.449502 -2.658454 10.719072
105 105 1 0.000000 -4.193288 -3.046602 0.000000
106 106 1 0.000000 -3.231665 -4.052381 0.267977
107 107 1 0.000000 -2.855403 -4.325751 1.607861
108 108 1 0.000000 -1.601694 -4.929506 1.875838
109 109 1 0.000000 -1.153368 -5.053236 3.215722
110 110 1 0.000000 0.232543 -5.177970 3.483699
111 111 1 0.000000 0.695756 -5.136280 4.823583
112 112 1 0.000000 2.037123 -4.766086 5.091559
113 113 1 0.000000 2.456151 -4.564293 6.431444
114 114 1 0.000000 3.581908 -3.746382 6.699420
115 115 1 0.000000 3.903312 -3.410221 8.039305
116 116 1 0.000000 4.669892 -2.248901 8.307281
117 117 1 0.000000 4.852682 -1.821242 9.647165
118 118 1 0.000000 5.162323 -0.464617 9.915142
119 119 1 0.000000 -0.695756 -5.136280 0.803930
120 120 1 0.000000 0.695756 -5.136280 1.071907
121 121 1 0.000000 1.153368 -5.053236 2.411791
122 122 1 0.000000 2.456151 -4.564293 2.679768
123 123 1 0.000000 2.855403 -4.325751 4.019652
124 124 1 0.000000 3.903312 -3.410221 4.287629
125 125 1 0.000000 4.193288 -3.046602 5.627513
126 126 1 0.000000 4.852682 -1.821242 5.895490
127 127 1 0.000000 4.996402 -1.378919 7.235374
128 128 1 0.000000 5.183189 -0.000000 7.503351
129 129 1 0.000000 1.601694 -4.929506 0.000000
130 130 1 0.000000 2.855403 -4.325751 0.267977
131 131 1 0.000000 3.231665 -4.052381 1.607861
132 132 1 0.000000 4.193288 -3.046602 1.875838
133 133 1 0.000000 4.449502 -2.658454 3.215722
134 134 1 0.000000 4.996402 -1.378919 3.483699
135 135 1 0.000000 5.099893 -0.925494 4.823583
136 136 1 0.000000 5.162323 0.464617 5.091559
137 137 1 0.000000 4.669892 -2.248901 0.803930
138 138 1 0.000000 5.099893 -0.925494 1.071907
139 139 1 0.000000 5.162323 -0.464617 2.411791
140 140 1 0.000000 5.099893 0.925494 2.679768
141 141 1 0.000000 5.162323 0.464617 20.098261
142 142 1 0.000000 4.852682 1.821242 20.366238
143 143 1 0.000000 4.669892 2.248901 21.706121
144 144 1 0.000000 3.903312 3.410221 21.974098
145 145 1 0.000000 5.099893 0.925494 17.686470
146 146 1 0.000000 4.669892 2.248901 17.954447
147 147 1 0.000000 4.449502 2.658454 19.294331
148 148 1 0.000000 3.581908 3.746382 19.562307
149 149 1 0.000000 3.231665 4.052381 20.902191
150 150 1 0.000000 2.037123 4.766086 21.170168
151 151 1 0.000000 4.996402 1.378919 15.274678
152 152 1 0.000000 4.449502 2.658454 15.542655
153 153 1 0.000000 4.193288 3.046602 16.882540
154 154 1 0.000000 3.231665 4.052381 17.150517
155 155 1 0.000000 2.855403 4.325751 18.490400
156 156 1 0.000000 1.601694 4.929506 18.758377
157 157 1 0.000000 1.153368 5.053236 20.098261
158 158 1 0.000000 -0.232543 5.177970 20.366238
159 159 1 0.000000 -0.695756 5.136280 21.706121
160 160 1 0.000000 -2.037123 4.766086 21.974098
161 161 1 0.000000 5.183189 0.000000 11.255026
162 162 1 0.000000 4.996402 1.378919 11.523003
163 163 1 0.000000 4.852682 1.821242 12.862887
164 164 1 0.000000 4.193288 3.046602 13.130864
165 165 1 0.000000 3.903312 3.410221 14.470748
166 166 1 0.000000 2.855403 4.325751 14.738725
167 167 1 0.000000 2.456151 4.564293 16.078609
168 168 1 0.000000 1.153368 5.053236 16.346586
169 169 1 0.000000 0.695756 5.136280 17.686470
170 170 1 0.000000 -0.695756 5.136280 17.954447
171 171 1 0.000000 -1.153368 5.053236 19.294331
172 172 1 0.000000 -2.456151 4.564293 19.562307
173 173 1 0.000000 -2.855403 4.325751 20.902191
174 174 1 0.000000 -3.903312 3.410221 21.170168
175 175 1 0.000000 3.581908 3.746382 12.058956
176 176 1 0.000000 2.456151 4.564293 12.326933
177 177 1 0.000000 2.037123 4.766086 13.666818
178 178 1 0.000000 0.695756 5.136280 13.934794
179 179 1 0.000000 0.232543 5.177970 15.274678
180 180 1 0.000000 -1.153368 5.053236 15.542655
181 181 1 0.000000 -1.601694 4.929506 16.882540
182 182 1 0.000000 -2.855403 4.325751 17.150517
183 183 1 0.000000 -3.231665 4.052381 18.490400
184 184 1 0.000000 -4.193288 3.046602 18.758377
185 185 1 0.000000 -4.449502 2.658454 20.098261
186 186 1 0.000000 -4.996402 1.378919 20.366238
187 187 1 0.000000 -5.099893 0.925494 21.706121
188 188 1 0.000000 -5.162323 -0.464617 21.974098
189 189 1 0.000000 1.601694 4.929506 11.255026
190 190 1 0.000000 0.232543 5.177970 11.523003
191 191 1 0.000000 -0.232543 5.177970 12.862887
192 192 1 0.000000 -1.601694 4.929506 13.130864
193 193 1 0.000000 -2.037123 4.766086 14.470748
194 194 1 0.000000 -3.231665 4.052381 14.738725
195 195 1 0.000000 -3.581908 3.746382 16.078609
196 196 1 0.000000 -4.449502 2.658454 16.346586
197 197 1 0.000000 -4.669892 2.248901 17.686470
198 198 1 0.000000 -5.099893 0.925494 17.954447
199 199 1 0.000000 -5.162323 0.464617 19.294331
200 200 1 0.000000 -5.099893 -0.925494 19.562307
201 201 1 0.000000 -4.996402 -1.378919 20.902191
202 202 1 0.000000 -4.449502 -2.658454 21.170168
203 203 1 0.000000 -2.456151 4.564293 12.058956
204 204 1 0.000000 -3.581908 3.746382 12.326933
205 205 1 0.000000 -3.903312 3.410221 13.666818
206 206 1 0.000000 -4.669892 2.248901 13.934794
207 207 1 0.000000 -4.852682 1.821242 15.274678
208 208 1 0.000000 -5.162323 0.464617 15.542655
209 209 1 0.000000 -5.183189 0.000000 16.882540
210 210 1 0.000000 -4.996402 -1.378919 17.150517
211 211 1 0.000000 -4.852682 -1.821242 18.490400
212 212 1 0.000000 -4.193288 -3.046602 18.758377
213 213 1 0.000000 -3.903312 -3.410221 20.098261
214 214 1 0.000000 -2.855403 -4.325751 20.366238
215 215 1 0.000000 -2.456151 -4.564293 21.706121
216 216 1 0.000000 -1.153368 -5.053236 21.974098
217 217 1 0.000000 -4.193288 3.046602 11.255026
218 218 1 0.000000 -4.852682 1.821242 11.523003
219 219 1 0.000000 -4.996402 1.378919 12.862887
220 220 1 0.000000 -5.183189 0.000000 13.130864
221 221 1 0.000000 -5.162323 -0.464617 14.470748
222 222 1 0.000000 -4.852682 -1.821242 14.738725
223 223 1 0.000000 -4.669892 -2.248901 16.078609
224 224 1 0.000000 -3.903312 -3.410221 16.346586
225 225 1 0.000000 -3.581908 -3.746382 17.686470
226 226 1 0.000000 -2.456151 -4.564293 17.954447
227 227 1 0.000000 -2.037123 -4.766086 19.294331
228 228 1 0.000000 -0.695756 -5.136280 19.562307
229 229 1 0.000000 -0.232543 -5.177970 20.902191
230 230 1 0.000000 1.153368 -5.053236 21.170168
231 231 1 0.000000 -5.099893 -0.925494 12.058956
232 232 1 0.000000 -4.669892 -2.248901 12.326933
233 233 1 0.000000 -4.449502 -2.658454 13.666818
234 234 1 0.000000 -3.581908 -3.746382 13.934794
235 235 1 0.000000 -3.231665 -4.052381 15.274678
236 236 1 0.000000 -2.037123 -4.766086 15.542655
237 237 1 0.000000 -1.601694 -4.929506 16.882540
238 238 1 0.000000 -0.232543 -5.177970 17.150517
239 239 1 0.000000 0.232543 -5.177970 18.490400
240 240 1 0.000000 1.601694 -4.929506 18.758377
241 241 1 0.000000 2.037123 -4.766086 20.098261
242 242 1 0.000000 3.231665 -4.052381 20.366238
243 243 1 0.000000 3.581908 -3.746382 21.706121
244 244 1 0.000000 4.449502 -2.658454 21.974098
245 245 1 0.000000 -4.193288 -3.046602 11.255026
246 246 1 0.000000 -3.231665 -4.052381 11.523003
247 247 1 0.000000 -2.855403 -4.325751 12.862887
248 248 1 0.000000 -1.601694 -4.929506 13.130864
249 249 1 0.000000 -1.153368 -5.053236 14.470748
250 250 1 0.000000 0.232543 -5.177970 14.738725
251 251 1 0.000000 0.695756 -5.136280 16.078609
252 252 1 0.000000 2.037123 -4.766086 16.346586
253 253 1 0.000000 2.456151 -4.564293 17.686470
254 254 1 0.000000 3.581908 -3.746382 17.954447
255 255 1 0.000000 3.903312 -3.410221 19.294331
256 256 1 0.000000 4.669892 -2.248901 19.562307
257 257 1 0.000000 4.852682 -1.821242 20.902191
258 258 1 0.000000 5.162323 -0.464617 21.170168
259 259 1 0.000000 -0.695756 -5.136280 12.058956
260 260 1 0.000000 0.695756 -5.136280 12.326933
261 261 1 0.000000 1.153368 -5.053236 13.666818
262 262 1 0.000000 2.456151 -4.564293 13.934794
263 263 1 0.000000 2.855403 -4.325751 15.274678
264 264 1 0.000000 3.903312 -3.410221 15.542655
265 265 1 0.000000 4.193288 -3.046602 16.882540
266 266 1 0.000000 4.852682 -1.821242 17.150517
267 267 1 0.000000 4.996402 -1.378919 18.490400
268 268 1 0.000000 5.183189 -0.000000 18.758377
269 269 1 0.000000 1.601694 -4.929506 11.255026
270 270 1 0.000000 2.855403 -4.325751 11.523003
271 271 1 0.000000 3.231665 -4.052381 12.862887
272 272 1 0.000000 4.193288 -3.046602 13.130864
273 273 1 0.000000 4.449502 -2.658454 14.470748
274 274 1 0.000000 4.996402 -1.378919 14.738725
275 275 1 0.000000 5.099893 -0.925494 16.078609
276 276 1 0.000000 5.162323 0.464617 16.346586
277 277 1 0.000000 4.669892 -2.248901 12.058956
278 278 1 0.000000 5.099893 -0.925494 12.326933
279 279 1 0.000000 5.162323 -0.464617 13.666818
280 280 1 0.000000 5.099893 0.925494 13.934794
281 281 1 0.000000 5.162323 0.464617 31.353287
282 282 1 0.000000 4.852682 1.821242 31.621264
283 283 1 0.000000 4.669892 2.248901 32.961147
284 284 1 0.000000 3.903312 3.410221 33.229126
285 285 1 0.000000 5.099893 0.925494 28.941496
286 286 1 0.000000 4.669892 2.248901 29.209473
287 287 1 0.000000 4.449502 2.658454 30.549356
288 288 1 0.000000 3.581908 3.746382 30.817333
289 289 1 0.000000 3.231665 4.052381 32.157219
290 290 1 0.000000 2.037123 4.766086 32.425194
291 291 1 0.000000 4.996402 1.378919 26.529705
292 292 1 0.000000 4.449502 2.658454 26.797682
293 293 1 0.000000 4.193288 3.046602 28.137566
294 294 1 0.000000 3.231665 4.052381 28.405542
295 295 1 0.000000 2.855403 4.325751 29.745426
296 296 1 0.000000 1.601694 4.929506 30.013403
297 297 1 0.000000 1.153368 5.053236 31.353287
298 298 1 0.000000 -0.232543 5.177970 31.621264
299 299 1 0.000000 -0.695756 5.136280 32.961147
300 300 1 0.000000 -2.037123 4.766086 33.229126
301 301 1 0.000000 5.183189 0.000000 22.510052
302 302 1 0.000000 4.996402 1.378919 22.778028
303 303 1 0.000000 4.852682 1.821242 24.117912
304 304 1 0.000000 4.193288 3.046602 24.385889
305 305 1 0.000000 3.903312 3.410221 25.725775
306 306 1 0.000000 2.855403 4.325751 25.993752
307 307 1 0.000000 2.456151 4.564293 27.333635
308 308 1 0.000000 1.153368 5.053236 27.601612
309 309 1 0.000000 0.695756 5.136280 28.941496
310 310 1 0.000000 -0.695756 5.136280 29.209473
311 311 1 0.000000 -1.153368 5.053236 30.549356
312 312 1 0.000000 -2.456151 4.564293 30.817333
313 313 1 0.000000 -2.855403 4.325751 32.157219
314 314 1 0.000000 -3.903312 3.410221 32.425194
315 315 1 0.000000 3.581908 3.746382 23.313982
316 316 1 0.000000 2.456151 4.564293 23.581959
317 317 1 0.000000 2.037123 4.766086 24.921843
318 318 1 0.000000 0.695756 5.136280 25.189819
319 319 1 0.000000 0.232543 5.177970 26.529705
320 320 1 0.000000 -1.153368 5.053236 26.797682
321 321 1 0.000000 -1.601694 4.929506 28.137566
322 322 1 0.000000 -2.855403 4.325751 28.405542
323 323 1 0.000000 -3.231665 4.052381 29.745426
324 324 1 0.000000 -4.193288 3.046602 30.013403
325 325 1 0.000000 -4.449502 2.658454 31.353287
326 326 1 0.000000 -4.996402 1.378919 31.621264
327 327 1 0.000000 -5.099893 0.925494 32.961147
328 328 1 0.000000 -5.162323 -0.464617 33.229126
329 329 1 0.000000 1.601694 4.929506 22.510052
330 330 1 0.000000 0.232543 5.177970 22.778028
331 331 1 0.000000 -0.232543 5.177970 24.117912
332 332 1 0.000000 -1.601694 4.929506 24.385889
333 333 1 0.000000 -2.037123 4.766086 25.725775
334 334 1 0.000000 -3.231665 4.052381 25.993752
335 335 1 0.000000 -3.581908 3.746382 27.333635
336 336 1 0.000000 -4.449502 2.658454 27.601612
337 337 1 0.000000 -4.669892 2.248901 28.941496
338 338 1 0.000000 -5.099893 0.925494 29.209473
339 339 1 0.000000 -5.162323 0.464617 30.549356
340 340 1 0.000000 -5.099893 -0.925494 30.817333
341 341 1 0.000000 -4.996402 -1.378919 32.157219
342 342 1 0.000000 -4.449502 -2.658454 32.425194
343 343 1 0.000000 -2.456151 4.564293 23.313982
344 344 1 0.000000 -3.581908 3.746382 23.581959
345 345 1 0.000000 -3.903312 3.410221 24.921843
346 346 1 0.000000 -4.669892 2.248901 25.189819
347 347 1 0.000000 -4.852682 1.821242 26.529705
348 348 1 0.000000 -5.162323 0.464617 26.797682
349 349 1 0.000000 -5.183189 0.000000 28.137566
350 350 1 0.000000 -4.996402 -1.378919 28.405542
351 351 1 0.000000 -4.852682 -1.821242 29.745426
352 352 1 0.000000 -4.193288 -3.046602 30.013403
353 353 1 0.000000 -3.903312 -3.410221 31.353287
354 354 1 0.000000 -2.855403 -4.325751 31.621264
355 355 1 0.000000 -2.456151 -4.564293 32.961147
356 356 1 0.000000 -1.153368 -5.053236 33.229126
357 357 1 0.000000 -4.193288 3.046602 22.510052
358 358 1 0.000000 -4.852682 1.821242 22.778028
359 359 1 0.000000 -4.996402 1.378919 24.117912
360 360 1 0.000000 -5.183189 0.000000 24.385889
361 361 1 0.000000 -5.162323 -0.464617 25.725775
362 362 1 0.000000 -4.852682 -1.821242 25.993752
363 363 1 0.000000 -4.669892 -2.248901 27.333635
364 364 1 0.000000 -3.903312 -3.410221 27.601612
365 365 1 0.000000 -3.581908 -3.746382 28.941496
366 366 1 0.000000 -2.456151 -4.564293 29.209473
367 367 1 0.000000 -2.037123 -4.766086 30.549356
368 368 1 0.000000 -0.695756 -5.136280 30.817333
369 369 1 0.000000 -0.232543 -5.177970 32.157219
370 370 1 0.000000 1.153368 -5.053236 32.425194
371 371 1 0.000000 -5.099893 -0.925494 23.313982
372 372 1 0.000000 -4.669892 -2.248901 23.581959
373 373 1 0.000000 -4.449502 -2.658454 24.921843
374 374 1 0.000000 -3.581908 -3.746382 25.189819
375 375 1 0.000000 -3.231665 -4.052381 26.529705
376 376 1 0.000000 -2.037123 -4.766086 26.797682
377 377 1 0.000000 -1.601694 -4.929506 28.137566
378 378 1 0.000000 -0.232543 -5.177970 28.405542
379 379 1 0.000000 0.232543 -5.177970 29.745426
380 380 1 0.000000 1.601694 -4.929506 30.013403
381 381 1 0.000000 2.037123 -4.766086 31.353287
382 382 1 0.000000 3.231665 -4.052381 31.621264
383 383 1 0.000000 3.581908 -3.746382 32.961147
384 384 1 0.000000 4.449502 -2.658454 33.229126
385 385 1 0.000000 -4.193288 -3.046602 22.510052
386 386 1 0.000000 -3.231665 -4.052381 22.778028
387 387 1 0.000000 -2.855403 -4.325751 24.117912
388 388 1 0.000000 -1.601694 -4.929506 24.385889
389 389 1 0.000000 -1.153368 -5.053236 25.725775
390 390 1 0.000000 0.232543 -5.177970 25.993752
391 391 1 0.000000 0.695756 -5.136280 27.333635
392 392 1 0.000000 2.037123 -4.766086 27.601612
393 393 1 0.000000 2.456151 -4.564293 28.941496
394 394 1 0.000000 3.581908 -3.746382 29.209473
395 395 1 0.000000 3.903312 -3.410221 30.549356
396 396 1 0.000000 4.669892 -2.248901 30.817333
397 397 1 0.000000 4.852682 -1.821242 32.157219
398 398 1 0.000000 5.162323 -0.464617 32.425194
399 399 1 0.000000 -0.695756 -5.136280 23.313982
400 400 1 0.000000 0.695756 -5.136280 23.581959
401 401 1 0.000000 1.153368 -5.053236 24.921843
402 402 1 0.000000 2.456151 -4.564293 25.189819
403 403 1 0.000000 2.855403 -4.325751 26.529705
404 404 1 0.000000 3.903312 -3.410221 26.797682
405 405 1 0.000000 4.193288 -3.046602 28.137566
406 406 1 0.000000 4.852682 -1.821242 28.405542
407 407 1 0.000000 4.996402 -1.378919 29.745426
408 408 1 0.000000 5.183189 -0.000000 30.013403
409 409 1 0.000000 1.601694 -4.929506 22.510052
410 410 1 0.000000 2.855403 -4.325751 22.778028
411 411 1 0.000000 3.231665 -4.052381 24.117912
412 412 1 0.000000 4.193288 -3.046602 24.385889
413 413 1 0.000000 4.449502 -2.658454 25.725775
414 414 1 0.000000 4.996402 -1.378919 25.993752
415 415 1 0.000000 5.099893 -0.925494 27.333635
416 416 1 0.000000 5.162323 0.464617 27.601612
417 417 1 0.000000 4.669892 -2.248901 23.313982
418 418 1 0.000000 5.099893 -0.925494 23.581959
419 419 1 0.000000 5.162323 -0.464617 24.921843
420 420 1 0.000000 5.099893 0.925494 25.189819
421 421 1 0.000000 5.162323 0.464617 42.608315
422 422 1 0.000000 4.852682 1.821242 42.876289
423 423 1 0.000000 4.669892 2.248901 44.216175
424 424 1 0.000000 3.903312 3.410221 44.484150
425 425 1 0.000000 5.099893 0.925494 40.196522
426 426 1 0.000000 4.669892 2.248901 40.464497
427 427 1 0.000000 4.449502 2.658454 41.804382
428 428 1 0.000000 3.581908 3.746382 42.072361
429 429 1 0.000000 3.231665 4.052381 43.412243
430 430 1 0.000000 2.037123 4.766086 43.680222
431 431 1 0.000000 4.996402 1.378919 37.784729
432 432 1 0.000000 4.449502 2.658454 38.052708
433 433 1 0.000000 4.193288 3.046602 39.392590
434 434 1 0.000000 3.231665 4.052381 39.660568
435 435 1 0.000000 2.855403 4.325751 41.000454
436 436 1 0.000000 1.601694 4.929506 41.268429
437 437 1 0.000000 1.153368 5.053236 42.608315
438 438 1 0.000000 -0.232543 5.177970 42.876289
439 439 1 0.000000 -0.695756 5.136280 44.216175
440 440 1 0.000000 -2.037123 4.766086 44.484150
441 441 1 0.000000 5.183189 0.000000 33.765079
442 442 1 0.000000 4.996402 1.378919 34.033054
443 443 1 0.000000 4.852682 1.821242 35.372940
444 444 1 0.000000 4.193288 3.046602 35.640915
445 445 1 0.000000 3.903312 3.410221 36.980801
446 446 1 0.000000 2.855403 4.325751 37.248775
447 447 1 0.000000 2.456151 4.564293 38.588661
448 448 1 0.000000 1.153368 5.053236 38.856636
449 449 1 0.000000 0.695756 5.136280 40.196522
450 450 1 0.000000 -0.695756 5.136280 40.464497
451 451 1 0.000000 -1.153368 5.053236 41.804382
452 452 1 0.000000 -2.456151 4.564293 42.072361
453 453 1 0.000000 -2.855403 4.325751 43.412243
454 454 1 0.000000 -3.903312 3.410221 43.680222
455 455 1 0.000000 3.581908 3.746382 34.569008
456 456 1 0.000000 2.456151 4.564293 34.836987
457 457 1 0.000000 2.037123 4.766086 36.176868
458 458 1 0.000000 0.695756 5.136280 36.444847
459 459 1 0.000000 0.232543 5.177970 37.784729
460 460 1 0.000000 -1.153368 5.053236 38.052708
461 461 1 0.000000 -1.601694 4.929506 39.392590
462 462 1 0.000000 -2.855403 4.325751 39.660568
463 463 1 0.000000 -3.231665 4.052381 41.000454
464 464 1 0.000000 -4.193288 3.046602 41.268429
465 465 1 0.000000 -4.449502 2.658454 42.608315
466 466 1 0.000000 -4.996402 1.378919 42.876289
467 467 1 0.000000 -5.099893 0.925494 44.216175
468 468 1 0.000000 -5.162323 -0.464617 44.484150
469 469 1 0.000000 1.601694 4.929506 33.765079
470 470 1 0.000000 0.232543 5.177970 34.033054
471 471 1 0.000000 -0.232543 5.177970 35.372940
472 472 1 0.000000 -1.601694 4.929506 35.640915
473 473 1 0.000000 -2.037123 4.766086 36.980801
474 474 1 0.000000 -3.231665 4.052381 37.248775
475 475 1 0.000000 -3.581908 3.746382 38.588661
476 476 1 0.000000 -4.449502 2.658454 38.856636
477 477 1 0.000000 -4.669892 2.248901 40.196522
478 478 1 0.000000 -5.099893 0.925494 40.464497
479 479 1 0.000000 -5.162323 0.464617 41.804382
480 480 1 0.000000 -5.099893 -0.925494 42.072361
481 481 1 0.000000 -4.996402 -1.378919 43.412243
482 482 1 0.000000 -4.449502 -2.658454 43.680222
483 483 1 0.000000 -2.456151 4.564293 34.569008
484 484 1 0.000000 -3.581908 3.746382 34.836987
485 485 1 0.000000 -3.903312 3.410221 36.176868
486 486 1 0.000000 -4.669892 2.248901 36.444847
487 487 1 0.000000 -4.852682 1.821242 37.784729
488 488 1 0.000000 -5.162323 0.464617 38.052708
489 489 1 0.000000 -5.183189 0.000000 39.392590
490 490 1 0.000000 -4.996402 -1.378919 39.660568
491 491 1 0.000000 -4.852682 -1.821242 41.000454
492 492 1 0.000000 -4.193288 -3.046602 41.268429
493 493 1 0.000000 -3.903312 -3.410221 42.608315
494 494 1 0.000000 -2.855403 -4.325751 42.876289
495 495 1 0.000000 -2.456151 -4.564293 44.216175
496 496 1 0.000000 -1.153368 -5.053236 44.484150
497 497 1 0.000000 -4.193288 3.046602 33.765079
498 498 1 0.000000 -4.852682 1.821242 34.033054
499 499 1 0.000000 -4.996402 1.378919 35.372940
500 500 1 0.000000 -5.183189 0.000000 35.640915
501 501 1 0.000000 -5.162323 -0.464617 36.980801
502 502 1 0.000000 -4.852682 -1.821242 37.248775
503 503 1 0.000000 -4.669892 -2.248901 38.588661
504 504 1 0.000000 -3.903312 -3.410221 38.856636
505 505 1 0.000000 -3.581908 -3.746382 40.196522
506 506 1 0.000000 -2.456151 -4.564293 40.464497
507 507 1 0.000000 -2.037123 -4.766086 41.804382
508 508 1 0.000000 -0.695756 -5.136280 42.072361
509 509 1 0.000000 -0.232543 -5.177970 43.412243
510 510 1 0.000000 1.153368 -5.053236 43.680222
511 511 1 0.000000 -5.099893 -0.925494 34.569008
512 512 1 0.000000 -4.669892 -2.248901 34.836987
513 513 1 0.000000 -4.449502 -2.658454 36.176868
514 514 1 0.000000 -3.581908 -3.746382 36.444847
515 515 1 0.000000 -3.231665 -4.052381 37.784729
516 516 1 0.000000 -2.037123 -4.766086 38.052708
517 517 1 0.000000 -1.601694 -4.929506 39.392590
518 518 1 0.000000 -0.232543 -5.177970 39.660568
519 519 1 0.000000 0.232543 -5.177970 41.000454
520 520 1 0.000000 1.601694 -4.929506 41.268429
521 521 1 0.000000 2.037123 -4.766086 42.608315
522 522 1 0.000000 3.231665 -4.052381 42.876289
523 523 1 0.000000 3.581908 -3.746382 44.216175
524 524 1 0.000000 4.449502 -2.658454 44.484150
525 525 1 0.000000 -4.193288 -3.046602 33.765079
526 526 1 0.000000 -3.231665 -4.052381 34.033054
527 527 1 0.000000 -2.855403 -4.325751 35.372940
528 528 1 0.000000 -1.601694 -4.929506 35.640915
529 529 1 0.000000 -1.153368 -5.053236 36.980801
530 530 1 0.000000 0.232543 -5.177970 37.248775
531 531 1 0.000000 0.695756 -5.136280 38.588661
532 532 1 0.000000 2.037123 -4.766086 38.856636
533 533 1 0.000000 2.456151 -4.564293 40.196522
534 534 1 0.000000 3.581908 -3.746382 40.464497
535 535 1 0.000000 3.903312 -3.410221 41.804382
536 536 1 0.000000 4.669892 -2.248901 42.072361
537 537 1 0.000000 4.852682 -1.821242 43.412243
538 538 1 0.000000 5.162323 -0.464617 43.680222
539 539 1 0.000000 -0.695756 -5.136280 34.569008
540 540 1 0.000000 0.695756 -5.136280 34.836987
541 541 1 0.000000 1.153368 -5.053236 36.176868
542 542 1 0.000000 2.456151 -4.564293 36.444847
543 543 1 0.000000 2.855403 -4.325751 37.784729
544 544 1 0.000000 3.903312 -3.410221 38.052708
545 545 1 0.000000 4.193288 -3.046602 39.392590
546 546 1 0.000000 4.852682 -1.821242 39.660568
547 547 1 0.000000 4.996402 -1.378919 41.000454
548 548 1 0.000000 5.183189 -0.000000 41.268429
549 549 1 0.000000 1.601694 -4.929506 33.765079
550 550 1 0.000000 2.855403 -4.325751 34.033054
551 551 1 0.000000 3.231665 -4.052381 35.372940
552 552 1 0.000000 4.193288 -3.046602 35.640915
553 553 1 0.000000 4.449502 -2.658454 36.980801
554 554 1 0.000000 4.996402 -1.378919 37.248775
555 555 1 0.000000 5.099893 -0.925494 38.588661
556 556 1 0.000000 5.162323 0.464617 38.856636
557 557 1 0.000000 4.669892 -2.248901 34.569008
558 558 1 0.000000 5.099893 -0.925494 34.836987
559 559 1 0.000000 5.162323 -0.464617 36.176868
560 560 1 0.000000 5.099893 0.925494 36.444847
561 561 1 0.000000 5.162323 0.464617 53.863338
562 562 1 0.000000 4.852682 1.821242 54.131317
563 563 1 0.000000 4.669892 2.248901 55.471199
564 564 1 0.000000 3.903312 3.410221 55.739178
565 565 1 0.000000 5.099893 0.925494 51.451550
566 566 1 0.000000 4.669892 2.248901 51.719524
567 567 1 0.000000 4.449502 2.658454 53.059410
568 568 1 0.000000 3.581908 3.746382 53.327385
569 569 1 0.000000 3.231665 4.052381 54.667271
570 570 1 0.000000 2.037123 4.766086 54.935246
571 571 1 0.000000 4.996402 1.378919 49.039757
572 572 1 0.000000 4.449502 2.658454 49.307732
573 573 1 0.000000 4.193288 3.046602 50.647617
574 574 1 0.000000 3.231665 4.052381 50.915596
575 575 1 0.000000 2.855403 4.325751 52.255478
576 576 1 0.000000 1.601694 4.929506 52.523457
577 577 1 0.000000 1.153368 5.053236 53.863338
578 578 1 0.000000 -0.232543 5.177970 54.131317
579 579 1 0.000000 -0.695756 5.136280 55.471199
580 580 1 0.000000 -2.037123 4.766086 55.739178
581 581 1 0.000000 5.183189 0.000000 45.020103
582 582 1 0.000000 4.996402 1.378919 45.288082
583 583 1 0.000000 4.852682 1.821242 46.627964
584 584 1 0.000000 4.193288 3.046602 46.895943
585 585 1 0.000000 3.903312 3.410221 48.235825
586 586 1 0.000000 2.855403 4.325751 48.503803
587 587 1 0.000000 2.456151 4.564293 49.843685
588 588 1 0.000000 1.153368 5.053236 50.111664
589 589 1 0.000000 0.695756 5.136280 51.451550
590 590 1 0.000000 -0.695756 5.136280 51.719524
591 591 1 0.000000 -1.153368 5.053236 53.059410
592 592 1 0.000000 -2.456151 4.564293 53.327385
593 593 1 0.000000 -2.855403 4.325751 54.667271
594 594 1 0.000000 -3.903312 3.410221 54.935246
595 595 1 0.000000 3.581908 3.746382 45.824036
596 596 1 0.000000 2.456151 4.564293 46.092010
597 597 1 0.000000 2.037123 4.766086 47.431896
598 598 1 0.000000 0.695756 5.136280 47.699871
599 599 1 0.000000 0.232543 5.177970 49.039757
600 600 1 0.000000 -1.153368 5.053236 49.307732
601 601 1 0.000000 -1.601694 4.929506 50.647617
602 602 1 0.000000 -2.855403 4.325751 50.915596
603 603 1 0.000000 -3.231665 4.052381 52.255478
604 604 1 0.000000 -4.193288 3.046602 52.523457
605 605 1 0.000000 -4.449502 2.658454 53.863338
606 606 1 0.000000 -4.996402 1.378919 54.131317
607 607 1 0.000000 -5.099893 0.925494 55.471199
608 608 1 0.000000 -5.162323 -0.464617 55.739178
609 609 1 0.000000 1.601694 4.929506 45.020103
610 610 1 0.000000 0.232543 5.177970 45.288082
611 611 1 0.000000 -0.232543 5.177970 46.627964
612 612 1 0.000000 -1.601694 4.929506 46.895943
613 613 1 0.000000 -2.037123 4.766086 48.235825
614 614 1 0.000000 -3.231665 4.052381 48.503803
615 615 1 0.000000 -3.581908 3.746382 49.843685
616 616 1 0.000000 -4.449502 2.658454 50.111664
617 617 1 0.000000 -4.669892 2.248901 51.451550
618 618 1 0.000000 -5.099893 0.925494 51.719524
619 619 1 0.000000 -5.162323 0.464617 53.059410
620 620 1 0.000000 -5.099893 -0.925494 53.327385
621 621 1 0.000000 -4.996402 -1.378919 54.667271
622 622 1 0.000000 -4.449502 -2.658454 54.935246
623 623 1 0.000000 -2.456151 4.564293 45.824036
624 624 1 0.000000 -3.581908 3.746382 46.092010
625 625 1 0.000000 -3.903312 3.410221 47.431896
626 626 1 0.000000 -4.669892 2.248901 47.699871
627 627 1 0.000000 -4.852682 1.821242 49.039757
628 628 1 0.000000 -5.162323 0.464617 49.307732
629 629 1 0.000000 -5.183189 0.000000 50.647617
630 630 1 0.000000 -4.996402 -1.378919 50.915596
631 631 1 0.000000 -4.852682 -1.821242 52.255478
632 632 1 0.000000 -4.193288 -3.046602 52.523457
633 633 1 0.000000 -3.903312 -3.410221 53.863338
634 634 1 0.000000 -2.855403 -4.325751 54.131317
635 635 1 0.000000 -2.456151 -4.564293 55.471199
636 636 1 0.000000 -1.153368 -5.053236 55.739178
637 637 1 0.000000 -4.193288 3.046602 45.020103
638 638 1 0.000000 -4.852682 1.821242 45.288082
639 639 1 0.000000 -4.996402 1.378919 46.627964
640 640 1 0.000000 -5.183189 0.000000 46.895943
641 641 1 0.000000 -5.162323 -0.464617 48.235825
642 642 1 0.000000 -4.852682 -1.821242 48.503803
643 643 1 0.000000 -4.669892 -2.248901 49.843685
644 644 1 0.000000 -3.903312 -3.410221 50.111664
645 645 1 0.000000 -3.581908 -3.746382 51.451550
646 646 1 0.000000 -2.456151 -4.564293 51.719524
647 647 1 0.000000 -2.037123 -4.766086 53.059410
648 648 1 0.000000 -0.695756 -5.136280 53.327385
649 649 1 0.000000 -0.232543 -5.177970 54.667271
650 650 1 0.000000 1.153368 -5.053236 54.935246
651 651 1 0.000000 -5.099893 -0.925494 45.824036
652 652 1 0.000000 -4.669892 -2.248901 46.092010
653 653 1 0.000000 -4.449502 -2.658454 47.431896
654 654 1 0.000000 -3.581908 -3.746382 47.699871
655 655 1 0.000000 -3.231665 -4.052381 49.039757
656 656 1 0.000000 -2.037123 -4.766086 49.307732
657 657 1 0.000000 -1.601694 -4.929506 50.647617
658 658 1 0.000000 -0.232543 -5.177970 50.915596
659 659 1 0.000000 0.232543 -5.177970 52.255478
660 660 1 0.000000 1.601694 -4.929506 52.523457
661 661 1 0.000000 2.037123 -4.766086 53.863338
662 662 1 0.000000 3.231665 -4.052381 54.131317
663 663 1 0.000000 3.581908 -3.746382 55.471199
664 664 1 0.000000 4.449502 -2.658454 55.739178
665 665 1 0.000000 -4.193288 -3.046602 45.020103
666 666 1 0.000000 -3.231665 -4.052381 45.288082
667 667 1 0.000000 -2.855403 -4.325751 46.627964
668 668 1 0.000000 -1.601694 -4.929506 46.895943
669 669 1 0.000000 -1.153368 -5.053236 48.235825
670 670 1 0.000000 0.232543 -5.177970 48.503803
671 671 1 0.000000 0.695756 -5.136280 49.843685
672 672 1 0.000000 2.037123 -4.766086 50.111664
673 673 1 0.000000 2.456151 -4.564293 51.451550
674 674 1 0.000000 3.581908 -3.746382 51.719524
675 675 1 0.000000 3.903312 -3.410221 53.059410
676 676 1 0.000000 4.669892 -2.248901 53.327385
677 677 1 0.000000 4.852682 -1.821242 54.667271
678 678 1 0.000000 5.162323 -0.464617 54.935246
679 679 1 0.000000 -0.695756 -5.136280 45.824036
680 680 1 0.000000 0.695756 -5.136280 46.092010
681 681 1 0.000000 1.153368 -5.053236 47.431896
682 682 1 0.000000 2.456151 -4.564293 47.699871
683 683 1 0.000000 2.855403 -4.325751 49.039757
684 684 1 0.000000 3.903312 -3.410221 49.307732
685 685 1 0.000000 4.193288 -3.046602 50.647617
686 686 1 0.000000 4.852682 -1.821242 50.915596
687 687 1 0.000000 4.996402 -1.378919 52.255478
688 688 1 0.000000 5.183189 -0.000000 52.523457
689 689 1 0.000000 1.601694 -4.929506 45.020103
690 690 1 0.000000 2.855403 -4.325751 45.288082
691 691 1 0.000000 3.231665 -4.052381 46.627964
692 692 1 0.000000 4.193288 -3.046602 46.895943
693 693 1 0.000000 4.449502 -2.658454 48.235825
694 694 1 0.000000 4.996402 -1.378919 48.503803
695 695 1 0.000000 5.099893 -0.925494 49.843685
696 696 1 0.000000 5.162323 0.464617 50.111664
697 697 1 0.000000 4.669892 -2.248901 45.824036
698 698 1 0.000000 5.099893 -0.925494 46.092010
699 699 1 0.000000 5.162323 -0.464617 47.431896
700 700 1 0.000000 5.099893 0.925494 47.699871
